  0.000000E+00  0.000000E+00
  0.334088E+01  0.424166E+00
  0.668176E+01  0.530577E+00
  0.100226E+02  0.604315E+00
  0.133635E+02  0.653386E+00
  0.167044E+02  0.719969E+00
  0.200453E+02  0.773527E+00
  0.233862E+02  0.854330E+00
  0.267270E+02  0.928455E+00
  0.300679E+02  0.100431E+01
  0.334088E+02  0.102165E+01
  0.367497E+02  0.109397E+01
  0.400906E+02  0.114955E+01
  0.434314E+02  0.121848E+01
  0.467723E+02  0.119271E+01
  0.501132E+02  0.125478E+01
  0.534541E+02  0.127149E+01
  0.567949E+02  0.126936E+01
  0.601358E+02  0.124000E+01
  0.634767E+02  0.129314E+01
  0.668176E+02  0.129481E+01
  0.701585E+02  0.126384E+01
  0.734993E+02  0.123022E+01
  0.768402E+02  0.120127E+01
  0.801811E+02  0.116227E+01
  0.835220E+02  0.116672E+01
  0.868629E+02  0.123307E+01
  0.902037E+02  0.119133E+01
  0.935446E+02  0.119559E+01
  0.968855E+02  0.124624E+01
  0.100226E+03  0.118497E+01
  0.103567E+03  0.121553E+01
  0.106908E+03  0.121276E+01
  0.110249E+03  0.122272E+01
  0.113590E+03  0.123715E+01
  0.116931E+03  0.121117E+01
  0.120272E+03  0.132941E+01
  0.123613E+03  0.133301E+01
  0.126953E+03  0.131900E+01
  0.130294E+03  0.130495E+01
  0.133635E+03  0.144687E+01
  0.136976E+03  0.146585E+01
  0.140317E+03  0.141018E+01
  0.143658E+03  0.158687E+01
  0.146999E+03  0.146924E+01
  0.150340E+03  0.148944E+01
  0.153680E+03  0.156569E+01
  0.157021E+03  0.156278E+01
  0.160362E+03  0.157606E+01
  0.163703E+03  0.166802E+01
  0.167044E+03  0.165705E+01
  0.170385E+03  0.173594E+01
  0.173726E+03  0.184640E+01
  0.177067E+03  0.187028E+01
  0.180407E+03  0.186836E+01
  0.183748E+03  0.187034E+01
  0.187089E+03  0.194156E+01
  0.190430E+03  0.197619E+01
  0.193771E+03  0.198627E+01
  0.197112E+03  0.205292E+01
  0.200453E+03  0.209801E+01
  0.203794E+03  0.225978E+01
  0.207135E+03  0.228737E+01
  0.210475E+03  0.222128E+01
  0.213816E+03  0.236913E+01
  0.217157E+03  0.233784E+01
  0.220498E+03  0.259073E+01
  0.223839E+03  0.242253E+01
  0.227180E+03  0.271693E+01
  0.230521E+03  0.277741E+01
  0.233862E+03  0.281840E+01
  0.237202E+03  0.277452E+01
  0.240543E+03  0.297328E+01
  0.243884E+03  0.276724E+01
  0.247225E+03  0.311287E+01
  0.250566E+03  0.316607E+01
  0.253907E+03  0.308158E+01
  0.257248E+03  0.324818E+01
  0.260589E+03  0.319693E+01
  0.263929E+03  0.335323E+01
  0.267270E+03  0.324774E+01
  0.270611E+03  0.351843E+01
  0.273952E+03  0.373818E+01
  0.277293E+03  0.380252E+01
  0.280634E+03  0.357754E+01
  0.283975E+03  0.389784E+01
  0.287316E+03  0.399872E+01
  0.290657E+03  0.405259E+01
  0.293997E+03  0.393898E+01
  0.297338E+03  0.424055E+01
  0.300679E+03  0.419724E+01
  0.304020E+03  0.488115E+01
  0.307361E+03  0.467454E+01
  0.310702E+03  0.448689E+01
  0.314043E+03  0.471254E+01
  0.317384E+03  0.511514E+01
  0.320724E+03  0.544798E+01
  0.324065E+03  0.501848E+01
  0.327406E+03  0.527044E+01
  0.330747E+03  0.544653E+01
  0.334088E+03  0.577216E+01
  0.337429E+03  0.604248E+01
  0.340770E+03  0.613751E+01
  0.344111E+03  0.610104E+01
  0.347451E+03  0.643008E+01
  0.350792E+03  0.662202E+01
  0.354133E+03  0.651999E+01
  0.357474E+03  0.663050E+01
  0.360815E+03  0.683719E+01
  0.364156E+03  0.717466E+01
  0.367497E+03  0.748462E+01
  0.370838E+03  0.814929E+01
  0.374178E+03  0.836732E+01
  0.377519E+03  0.824633E+01
  0.380860E+03  0.835858E+01
  0.384201E+03  0.839034E+01
  0.387542E+03  0.883644E+01
  0.390883E+03  0.869927E+01
  0.394224E+03  0.982665E+01
  0.397565E+03  0.920551E+01
  0.400906E+03  0.919718E+01
  0.404246E+03  0.961963E+01
  0.407587E+03  0.985022E+01
  0.410928E+03  0.103629E+02
  0.414269E+03  0.109580E+02
  0.417610E+03  0.103951E+02
  0.420951E+03  0.108104E+02
  0.424292E+03  0.114331E+02
  0.427633E+03  0.112226E+02
  0.430973E+03  0.115456E+02
  0.434314E+03  0.113530E+02
  0.437655E+03  0.116607E+02
  0.440996E+03  0.123415E+02
  0.444337E+03  0.129387E+02
  0.447678E+03  0.131054E+02
  0.451019E+03  0.132089E+02
  0.454360E+03  0.135645E+02
  0.457700E+03  0.140645E+02
  0.461041E+03  0.142117E+02
  0.464382E+03  0.141607E+02
  0.467723E+03  0.135686E+02
  0.471064E+03  0.146725E+02
  0.474405E+03  0.146667E+02
  0.477746E+03  0.147463E+02
  0.481087E+03  0.149494E+02
  0.484428E+03  0.148163E+02
  0.487768E+03  0.147929E+02
  0.491109E+03  0.161292E+02
  0.494450E+03  0.158917E+02
  0.497791E+03  0.157334E+02
  0.501132E+03  0.158411E+02
  0.504473E+03  0.147913E+02
  0.507814E+03  0.154684E+02
  0.511155E+03  0.170440E+02
  0.514495E+03  0.154712E+02
  0.517836E+03  0.150518E+02
  0.521177E+03  0.158704E+02
  0.524518E+03  0.165799E+02
  0.527859E+03  0.157341E+02
  0.531200E+03  0.173141E+02
  0.534541E+03  0.172387E+02
  0.537882E+03  0.171014E+02
  0.541222E+03  0.156704E+02
  0.544563E+03  0.151137E+02
  0.547904E+03  0.161872E+02
  0.551245E+03  0.154371E+02
  0.554586E+03  0.162351E+02
  0.557927E+03  0.154905E+02
  0.561268E+03  0.167925E+02
  0.564609E+03  0.162208E+02
  0.567949E+03  0.157698E+02
  0.571290E+03  0.160903E+02
  0.574631E+03  0.159181E+02
  0.577972E+03  0.154547E+02
  0.581313E+03  0.159890E+02
  0.584654E+03  0.160310E+02
  0.587995E+03  0.164554E+02
  0.591336E+03  0.166283E+02
  0.594677E+03  0.160627E+02
  0.598017E+03  0.163188E+02
  0.601358E+03  0.158969E+02
  0.604699E+03  0.163917E+02
  0.608040E+03  0.157246E+02
  0.611381E+03  0.154591E+02
  0.614722E+03  0.153043E+02
  0.618063E+03  0.159213E+02
  0.621404E+03  0.156719E+02
  0.624744E+03  0.151750E+02
  0.628085E+03  0.159267E+02
  0.631426E+03  0.149487E+02
  0.634767E+03  0.157333E+02
  0.638108E+03  0.145459E+02
  0.641449E+03  0.151917E+02
  0.644790E+03  0.152516E+02
  0.648131E+03  0.152456E+02
  0.651471E+03  0.153788E+02
  0.654812E+03  0.146073E+02
  0.658153E+03  0.140683E+02
  0.661494E+03  0.142592E+02
  0.664835E+03  0.152322E+02
  0.668176E+03  0.151036E+02
  0.671517E+03  0.144265E+02
  0.674858E+03  0.152941E+02
  0.678199E+03  0.144768E+02
  0.681539E+03  0.143204E+02
  0.684880E+03  0.143295E+02
  0.688221E+03  0.147159E+02
  0.691562E+03  0.151449E+02
  0.694903E+03  0.140664E+02
  0.698244E+03  0.145602E+02
  0.701585E+03  0.146412E+02
  0.704926E+03  0.140569E+02
  0.708266E+03  0.143637E+02
  0.711607E+03  0.137035E+02
  0.714948E+03  0.142384E+02
  0.718289E+03  0.143193E+02
  0.721630E+03  0.131762E+02
  0.724971E+03  0.131057E+02
  0.728312E+03  0.134749E+02
  0.731653E+03  0.136602E+02
  0.734993E+03  0.138567E+02
  0.738334E+03  0.126940E+02
  0.741675E+03  0.135256E+02
  0.745016E+03  0.131907E+02
  0.748357E+03  0.136658E+02
  0.751698E+03  0.137383E+02
  0.755039E+03  0.138805E+02
  0.758380E+03  0.135196E+02
  0.761721E+03  0.123789E+02
  0.765061E+03  0.136858E+02
  0.768402E+03  0.126545E+02
  0.771743E+03  0.127717E+02
  0.775084E+03  0.128024E+02
  0.778425E+03  0.122034E+02
  0.781766E+03  0.125670E+02
  0.785107E+03  0.136463E+02
  0.788448E+03  0.137747E+02
  0.791788E+03  0.138573E+02
  0.795129E+03  0.128679E+02
  0.798470E+03  0.128966E+02
  0.801811E+03  0.126944E+02
  0.805152E+03  0.123038E+02
  0.808493E+03  0.121577E+02
  0.811834E+03  0.128799E+02
  0.815175E+03  0.132928E+02
  0.818515E+03  0.128040E+02
  0.821856E+03  0.118785E+02
  0.825197E+03  0.118865E+02
  0.828538E+03  0.126100E+02
  0.831879E+03  0.124954E+02
  0.835220E+03  0.120458E+02
  0.838561E+03  0.110951E+02
  0.841902E+03  0.121847E+02
  0.845242E+03  0.117916E+02
  0.848583E+03  0.114118E+02
  0.851924E+03  0.114480E+02
  0.855265E+03  0.110755E+02
  0.858606E+03  0.116903E+02
  0.861947E+03  0.114775E+02
  0.865288E+03  0.113335E+02
  0.868629E+03  0.108726E+02
  0.871970E+03  0.109941E+02
  0.875310E+03  0.113334E+02
  0.878651E+03  0.113058E+02
  0.881992E+03  0.102307E+02
  0.885333E+03  0.978924E+01
  0.888674E+03  0.106713E+02
  0.892015E+03  0.110722E+02
  0.895356E+03  0.105223E+02
  0.898697E+03  0.104418E+02
  0.902037E+03  0.971763E+01
  0.905378E+03  0.990342E+01
  0.908719E+03  0.933693E+01
  0.912060E+03  0.913146E+01
  0.915401E+03  0.942666E+01
  0.918742E+03  0.884773E+01
  0.922083E+03  0.823803E+01
  0.925424E+03  0.815478E+01
  0.928764E+03  0.817782E+01
  0.932105E+03  0.781820E+01
  0.935446E+03  0.717715E+01
  0.938787E+03  0.731783E+01
  0.942128E+03  0.725794E+01
  0.945469E+03  0.711153E+01
  0.948810E+03  0.723201E+01
  0.952151E+03  0.673533E+01
  0.955492E+03  0.602074E+01
  0.958832E+03  0.621448E+01
  0.962173E+03  0.602573E+01
  0.965514E+03  0.550673E+01
  0.968855E+03  0.532598E+01
  0.972196E+03  0.528665E+01
  0.975537E+03  0.503705E+01
  0.978878E+03  0.500128E+01
  0.982219E+03  0.454909E+01
  0.985559E+03  0.429717E+01
  0.988900E+03  0.407624E+01
  0.992241E+03  0.417733E+01
  0.995582E+03  0.391351E+01
  0.998923E+03  0.383580E+01
  0.100226E+04  0.366128E+01
  0.100560E+04  0.362060E+01
  0.100895E+04  0.350418E+01
  0.101229E+04  0.371287E+01
  0.101563E+04  0.340858E+01
  0.101897E+04  0.325488E+01
  0.102231E+04  0.333438E+01
  0.102565E+04  0.318917E+01
  0.102899E+04  0.318074E+01
  0.103233E+04  0.286494E+01
  0.103567E+04  0.295031E+01
  0.103901E+04  0.287410E+01
  0.104235E+04  0.276813E+01
  0.104570E+04  0.286044E+01
  0.104904E+04  0.263017E+01
  0.105238E+04  0.260373E+01
  0.105572E+04  0.269236E+01
  0.105906E+04  0.260397E+01
  0.106240E+04  0.270568E+01
  0.106574E+04  0.251214E+01
  0.106908E+04  0.244196E+01
  0.107242E+04  0.250986E+01
  0.107576E+04  0.240008E+01
  0.107910E+04  0.240151E+01
  0.108244E+04  0.241536E+01
  0.108579E+04  0.231433E+01
  0.108913E+04  0.227911E+01
  0.109247E+04  0.240203E+01
  0.109581E+04  0.221352E+01
  0.109915E+04  0.218329E+01
  0.110249E+04  0.224263E+01
  0.110583E+04  0.213205E+01
  0.110917E+04  0.220091E+01
  0.111251E+04  0.205636E+01
  0.111585E+04  0.208908E+01
  0.111919E+04  0.205072E+01
  0.112254E+04  0.194778E+01
  0.112588E+04  0.193323E+01
  0.112922E+04  0.199384E+01
  0.113256E+04  0.191810E+01
  0.113590E+04  0.188430E+01
  0.113924E+04  0.194476E+01
  0.114258E+04  0.189530E+01
  0.114592E+04  0.193600E+01
  0.114926E+04  0.194744E+01
  0.115260E+04  0.188274E+01
  0.115594E+04  0.188022E+01
  0.115929E+04  0.178730E+01
  0.116263E+04  0.190019E+01
  0.116597E+04  0.181607E+01
  0.116931E+04  0.169745E+01
  0.117265E+04  0.180362E+01
  0.117599E+04  0.179205E+01
  0.117933E+04  0.173436E+01
  0.118267E+04  0.174829E+01
  0.118601E+04  0.177841E+01
  0.118935E+04  0.169729E+01
  0.119269E+04  0.167534E+01
  0.119603E+04  0.173360E+01
  0.119938E+04  0.178399E+01
  0.120272E+04  0.178711E+01
  0.120606E+04  0.163636E+01
  0.120940E+04  0.173617E+01
  0.121274E+04  0.169684E+01
  0.121608E+04  0.171349E+01
  0.121942E+04  0.167802E+01
  0.122276E+04  0.167195E+01
  0.122610E+04  0.172236E+01
  0.122944E+04  0.167701E+01
  0.123278E+04  0.167445E+01
  0.123613E+04  0.175138E+01
  0.123947E+04  0.167103E+01
  0.124281E+04  0.180039E+01
  0.124615E+04  0.175215E+01
  0.124949E+04  0.173179E+01
  0.125283E+04  0.168585E+01
  0.125617E+04  0.172410E+01
  0.125951E+04  0.171510E+01
  0.126285E+04  0.170734E+01
  0.126619E+04  0.177451E+01
  0.126953E+04  0.173227E+01
  0.127288E+04  0.170968E+01
  0.127622E+04  0.163817E+01
  0.127956E+04  0.179579E+01
  0.128290E+04  0.178999E+01
  0.128624E+04  0.179085E+01
  0.128958E+04  0.178554E+01
  0.129292E+04  0.187701E+01
  0.129626E+04  0.181416E+01
  0.129960E+04  0.169574E+01
  0.130294E+04  0.171021E+01
  0.130628E+04  0.175907E+01
  0.130962E+04  0.188463E+01
  0.131297E+04  0.183488E+01
  0.131631E+04  0.177774E+01
  0.131965E+04  0.186454E+01
  0.132299E+04  0.186924E+01
  0.132633E+04  0.177771E+01
  0.132967E+04  0.181037E+01
  0.133301E+04  0.180360E+01
  0.133635E+04  0.192937E+01
  0.133969E+04  0.177430E+01
  0.134303E+04  0.188080E+01
  0.134637E+04  0.173680E+01
  0.134972E+04  0.179793E+01
  0.135306E+04  0.191757E+01
  0.135640E+04  0.182225E+01
  0.135974E+04  0.190003E+01
  0.136308E+04  0.189049E+01
  0.136642E+04  0.190399E+01
  0.136976E+04  0.179318E+01
  0.137310E+04  0.185197E+01
  0.137644E+04  0.192728E+01
  0.137978E+04  0.184400E+01
  0.138312E+04  0.185493E+01
  0.138646E+04  0.197325E+01
  0.138981E+04  0.207394E+01
  0.139315E+04  0.201072E+01
  0.139649E+04  0.185135E+01
  0.139983E+04  0.197111E+01
  0.140317E+04  0.207660E+01
  0.140651E+04  0.204277E+01
  0.140985E+04  0.201704E+01
  0.141319E+04  0.204284E+01
  0.141653E+04  0.201818E+01
  0.141987E+04  0.209766E+01
  0.142321E+04  0.215039E+01
  0.142656E+04  0.211323E+01
  0.142990E+04  0.212544E+01
  0.143324E+04  0.221431E+01
  0.143658E+04  0.231757E+01
  0.143992E+04  0.239363E+01
  0.144326E+04  0.237366E+01
  0.144660E+04  0.244555E+01
  0.144994E+04  0.248817E+01
  0.145328E+04  0.245276E+01
  0.145662E+04  0.261429E+01
  0.145996E+04  0.270528E+01
  0.146331E+04  0.281424E+01
  0.146665E+04  0.282976E+01
  0.146999E+04  0.296099E+01
  0.147333E+04  0.280548E+01
  0.147667E+04  0.297506E+01
  0.148001E+04  0.286364E+01
  0.148335E+04  0.325672E+01
  0.148669E+04  0.341710E+01
  0.149003E+04  0.333804E+01
  0.149337E+04  0.368446E+01
  0.149671E+04  0.368500E+01
  0.150005E+04  0.380921E+01
  0.150340E+04  0.390956E+01
  0.150674E+04  0.405050E+01
  0.151008E+04  0.442642E+01
  0.151342E+04  0.469658E+01
  0.151676E+04  0.459510E+01
  0.152010E+04  0.489280E+01
  0.152344E+04  0.526834E+01
  0.152678E+04  0.569430E+01
  0.153012E+04  0.563979E+01
  0.153346E+04  0.649365E+01
  0.153680E+04  0.690951E+01
  0.154015E+04  0.773387E+01
  0.154349E+04  0.806291E+01
  0.154683E+04  0.864463E+01
  0.155017E+04  0.899906E+01
  0.155351E+04  0.978514E+01
  0.155685E+04  0.947027E+01
  0.156019E+04  0.112159E+02
  0.156353E+04  0.121105E+02
  0.156687E+04  0.120141E+02
  0.157021E+04  0.137713E+02
  0.157355E+04  0.136418E+02
  0.157690E+04  0.145465E+02
  0.158024E+04  0.172339E+02
  0.158358E+04  0.182529E+02
  0.158692E+04  0.186408E+02
  0.159026E+04  0.192128E+02
  0.159360E+04  0.206729E+02
  0.159694E+04  0.208693E+02
  0.160028E+04  0.208512E+02
  0.160362E+04  0.230021E+02
  0.160696E+04  0.232663E+02
  0.161030E+04  0.233783E+02
  0.161364E+04  0.229563E+02
  0.161699E+04  0.237608E+02
  0.162033E+04  0.243474E+02
  0.162367E+04  0.243345E+02
  0.162701E+04  0.247869E+02
  0.163035E+04  0.230868E+02
  0.163369E+04  0.221909E+02
  0.163703E+04  0.240759E+02
  0.164037E+04  0.232577E+02
  0.164371E+04  0.225032E+02
  0.164705E+04  0.219091E+02
  0.165039E+04  0.212858E+02
  0.165374E+04  0.216573E+02
  0.165708E+04  0.205911E+02
  0.166042E+04  0.198350E+02
  0.166376E+04  0.185790E+02
  0.166710E+04  0.178505E+02
  0.167044E+04  0.169408E+02
  0.167378E+04  0.160435E+02
  0.167712E+04  0.158056E+02
  0.168046E+04  0.158469E+02
  0.168380E+04  0.140437E+02
  0.168714E+04  0.132131E+02
  0.169048E+04  0.123107E+02
  0.169383E+04  0.113101E+02
  0.169717E+04  0.100345E+02
  0.170051E+04  0.980106E+01
  0.170385E+04  0.790121E+01
  0.170719E+04  0.837643E+01
  0.171053E+04  0.773668E+01
  0.171387E+04  0.730084E+01
  0.171721E+04  0.691889E+01
  0.172055E+04  0.644732E+01
  0.172389E+04  0.595670E+01
  0.172723E+04  0.560754E+01
  0.173058E+04  0.517068E+01
  0.173392E+04  0.461552E+01
  0.173726E+04  0.427875E+01
  0.174060E+04  0.406320E+01
  0.174394E+04  0.390137E+01
  0.174728E+04  0.380639E+01
  0.175062E+04  0.341857E+01
  0.175396E+04  0.320468E+01
  0.175730E+04  0.318430E+01
  0.176064E+04  0.298689E+01
  0.176398E+04  0.282707E+01
  0.176733E+04  0.266357E+01
  0.177067E+04  0.268541E+01
  0.177401E+04  0.261165E+01
  0.177735E+04  0.243372E+01
  0.178069E+04  0.219703E+01
  0.178403E+04  0.204967E+01
  0.178737E+04  0.191511E+01
  0.179071E+04  0.191037E+01
  0.179405E+04  0.181593E+01
  0.179739E+04  0.181293E+01
  0.180073E+04  0.174375E+01
  0.180407E+04  0.155025E+01
  0.180742E+04  0.149649E+01
  0.181076E+04  0.149196E+01
  0.181410E+04  0.146081E+01
  0.181744E+04  0.129830E+01
  0.182078E+04  0.131263E+01
  0.182412E+04  0.130202E+01
  0.182746E+04  0.128240E+01
  0.183080E+04  0.124350E+01
  0.183414E+04  0.111841E+01
  0.183748E+04  0.113129E+01
  0.184082E+04  0.113445E+01
  0.184417E+04  0.106283E+01
  0.184751E+04  0.105625E+01
  0.185085E+04  0.100388E+01
  0.185419E+04  0.951387E+00
  0.185753E+04  0.919814E+00
  0.186087E+04  0.959775E+00
  0.186421E+04  0.890766E+00
  0.186755E+04  0.932900E+00
  0.187089E+04  0.870957E+00
  0.187423E+04  0.856412E+00
  0.187757E+04  0.910780E+00
  0.188092E+04  0.853669E+00
  0.188426E+04  0.793761E+00
  0.188760E+04  0.800429E+00
  0.189094E+04  0.809723E+00
  0.189428E+04  0.796725E+00
  0.189762E+04  0.780174E+00
  0.190096E+04  0.722403E+00
  0.190430E+04  0.771180E+00
  0.190764E+04  0.760381E+00
  0.191098E+04  0.722999E+00
  0.191432E+04  0.740947E+00
  0.191766E+04  0.708256E+00
  0.192101E+04  0.696506E+00
  0.192435E+04  0.703097E+00
  0.192769E+04  0.693557E+00
  0.193103E+04  0.702387E+00
  0.193437E+04  0.661552E+00
  0.193771E+04  0.643464E+00
  0.194105E+04  0.636562E+00
  0.194439E+04  0.698054E+00
  0.194773E+04  0.654448E+00
  0.195107E+04  0.658491E+00
  0.195441E+04  0.637979E+00
  0.195776E+04  0.663459E+00
  0.196110E+04  0.683625E+00
  0.196444E+04  0.658224E+00
  0.196778E+04  0.630396E+00
  0.197112E+04  0.638125E+00
  0.197446E+04  0.608574E+00
  0.197780E+04  0.645170E+00
  0.198114E+04  0.660171E+00
  0.198448E+04  0.617738E+00
  0.198782E+04  0.651297E+00
  0.199116E+04  0.651334E+00
  0.199451E+04  0.627543E+00
  0.199785E+04  0.662269E+00
  0.200119E+04  0.619350E+00
  0.200453E+04  0.612994E+00
  0.200787E+04  0.610153E+00
  0.201121E+04  0.600849E+00
  0.201455E+04  0.628113E+00
  0.201789E+04  0.649639E+00
  0.202123E+04  0.637726E+00
  0.202457E+04  0.621021E+00
  0.202791E+04  0.648900E+00
  0.203125E+04  0.622353E+00
  0.203460E+04  0.596428E+00
  0.203794E+04  0.648149E+00
  0.204128E+04  0.608150E+00
  0.204462E+04  0.630038E+00
  0.204796E+04  0.640967E+00
  0.205130E+04  0.655688E+00
  0.205464E+04  0.624584E+00
  0.205798E+04  0.640750E+00
  0.206132E+04  0.642490E+00
  0.206466E+04  0.664784E+00
  0.206800E+04  0.642472E+00
  0.207135E+04  0.624930E+00
  0.207469E+04  0.666864E+00
  0.207803E+04  0.626455E+00
  0.208137E+04  0.659309E+00
  0.208471E+04  0.651348E+00
  0.208805E+04  0.635490E+00
  0.209139E+04  0.670296E+00
  0.209473E+04  0.644681E+00
  0.209807E+04  0.635964E+00
  0.210141E+04  0.678398E+00
  0.210475E+04  0.656194E+00
  0.210809E+04  0.668795E+00
  0.211144E+04  0.662075E+00
  0.211478E+04  0.658474E+00
  0.211812E+04  0.683209E+00
  0.212146E+04  0.660453E+00
  0.212480E+04  0.634556E+00
  0.212814E+04  0.660682E+00
  0.213148E+04  0.669768E+00
  0.213482E+04  0.699640E+00
  0.213816E+04  0.696522E+00
  0.214150E+04  0.683341E+00
  0.214484E+04  0.684394E+00
  0.214819E+04  0.722528E+00
  0.215153E+04  0.660300E+00
  0.215487E+04  0.646266E+00
  0.215821E+04  0.673463E+00
  0.216155E+04  0.684414E+00
  0.216489E+04  0.711032E+00
  0.216823E+04  0.682819E+00
  0.217157E+04  0.698858E+00
  0.217491E+04  0.674332E+00
  0.217825E+04  0.659770E+00
  0.218159E+04  0.672010E+00
  0.218494E+04  0.703789E+00
  0.218828E+04  0.673725E+00
  0.219162E+04  0.712635E+00
  0.219496E+04  0.718452E+00
  0.219830E+04  0.672182E+00
  0.220164E+04  0.691087E+00
  0.220498E+04  0.683551E+00
  0.220832E+04  0.716033E+00
  0.221166E+04  0.657700E+00
  0.221500E+04  0.726394E+00
  0.221834E+04  0.699286E+00
  0.222168E+04  0.651281E+00
  0.222503E+04  0.719882E+00
  0.222837E+04  0.667656E+00
  0.223171E+04  0.720423E+00
  0.223505E+04  0.681765E+00
  0.223839E+04  0.690168E+00
  0.224173E+04  0.707301E+00
  0.224507E+04  0.680731E+00
  0.224841E+04  0.684382E+00
  0.225175E+04  0.706220E+00
  0.225509E+04  0.710543E+00
  0.225843E+04  0.702765E+00
  0.226178E+04  0.667750E+00
  0.226512E+04  0.680645E+00
  0.226846E+04  0.710021E+00
  0.227180E+04  0.687930E+00
  0.227514E+04  0.667598E+00
  0.227848E+04  0.666832E+00
  0.228182E+04  0.719736E+00
  0.228516E+04  0.686124E+00
  0.228850E+04  0.701952E+00
  0.229184E+04  0.685190E+00
  0.229518E+04  0.680855E+00
  0.229853E+04  0.663537E+00
  0.230187E+04  0.665632E+00
  0.230521E+04  0.688176E+00
  0.230855E+04  0.689466E+00
  0.231189E+04  0.689294E+00
  0.231523E+04  0.670146E+00
  0.231857E+04  0.645195E+00
  0.232191E+04  0.674048E+00
  0.232525E+04  0.705111E+00
  0.232859E+04  0.676528E+00
  0.233193E+04  0.661412E+00
  0.233527E+04  0.672067E+00
  0.233862E+04  0.659171E+00
  0.234196E+04  0.661487E+00
  0.234530E+04  0.640947E+00
  0.234864E+04  0.662594E+00
  0.235198E+04  0.649852E+00
  0.235532E+04  0.632109E+00
  0.235866E+04  0.635938E+00
  0.236200E+04  0.663550E+00
  0.236534E+04  0.620122E+00
  0.236868E+04  0.609841E+00
  0.237202E+04  0.630706E+00
  0.237537E+04  0.604099E+00
  0.237871E+04  0.609304E+00
  0.238205E+04  0.593812E+00
  0.238539E+04  0.609644E+00
  0.238873E+04  0.577042E+00
  0.239207E+04  0.554282E+00
  0.239541E+04  0.571833E+00
  0.239875E+04  0.561948E+00
  0.240209E+04  0.580255E+00
  0.240543E+04  0.553223E+00
  0.240877E+04  0.534308E+00
  0.241211E+04  0.545479E+00
  0.241546E+04  0.534698E+00
  0.241880E+04  0.512220E+00
  0.242214E+04  0.530706E+00
  0.242548E+04  0.524098E+00
  0.242882E+04  0.521314E+00
  0.243216E+04  0.506075E+00
  0.243550E+04  0.487231E+00
  0.243884E+04  0.491393E+00
  0.244218E+04  0.494283E+00
  0.244552E+04  0.497772E+00
  0.244886E+04  0.477864E+00
  0.245221E+04  0.466466E+00
  0.245555E+04  0.464593E+00
  0.245889E+04  0.455564E+00
  0.246223E+04  0.452089E+00
  0.246557E+04  0.448976E+00
  0.246891E+04  0.454578E+00
  0.247225E+04  0.443476E+00
  0.247559E+04  0.442055E+00
  0.247893E+04  0.435875E+00
  0.248227E+04  0.441279E+00
  0.248561E+04  0.441555E+00
  0.248896E+04  0.437152E+00
  0.249230E+04  0.425373E+00
  0.249564E+04  0.423079E+00
  0.249898E+04  0.433980E+00
  0.250232E+04  0.433064E+00
  0.250566E+04  0.429948E+00
  0.250900E+04  0.419963E+00
  0.251234E+04  0.416080E+00
  0.251568E+04  0.427624E+00
  0.251902E+04  0.420364E+00
  0.252236E+04  0.429800E+00
  0.252570E+04  0.404314E+00
  0.252905E+04  0.408970E+00
  0.253239E+04  0.417539E+00
  0.253573E+04  0.426800E+00
  0.253907E+04  0.438906E+00
  0.254241E+04  0.411876E+00
  0.254575E+04  0.432209E+00
  0.254909E+04  0.426568E+00
  0.255243E+04  0.422559E+00
  0.255577E+04  0.429354E+00
  0.255911E+04  0.433891E+00
  0.256245E+04  0.417588E+00
  0.256580E+04  0.420252E+00
  0.256914E+04  0.440188E+00
  0.257248E+04  0.429136E+00
  0.257582E+04  0.445114E+00
  0.257916E+04  0.450851E+00
  0.258250E+04  0.462540E+00
  0.258584E+04  0.462488E+00
  0.258918E+04  0.450214E+00
  0.259252E+04  0.461870E+00
  0.259586E+04  0.454504E+00
  0.259920E+04  0.470055E+00
  0.260255E+04  0.505620E+00
  0.260589E+04  0.496438E+00
  0.260923E+04  0.501084E+00
  0.261257E+04  0.511933E+00
  0.261591E+04  0.514105E+00
  0.261925E+04  0.557500E+00
  0.262259E+04  0.529221E+00
  0.262593E+04  0.567050E+00
  0.262927E+04  0.550363E+00
  0.263261E+04  0.588480E+00
  0.263595E+04  0.582514E+00
  0.263929E+04  0.575918E+00
  0.264264E+04  0.611132E+00
  0.264598E+04  0.603178E+00
  0.264932E+04  0.651524E+00
  0.265266E+04  0.676264E+00
  0.265600E+04  0.641640E+00
  0.265934E+04  0.675160E+00
  0.266268E+04  0.726808E+00
  0.266602E+04  0.725321E+00
  0.266936E+04  0.719731E+00
  0.267270E+04  0.756807E+00
  0.267604E+04  0.778107E+00
  0.267939E+04  0.878360E+00
  0.268273E+04  0.824991E+00
  0.268607E+04  0.907600E+00
  0.268941E+04  0.911370E+00
  0.269275E+04  0.924636E+00
  0.269609E+04  0.978334E+00
  0.269943E+04  0.101872E+01
  0.270277E+04  0.983574E+00
  0.270611E+04  0.987217E+00
  0.270945E+04  0.106723E+01
  0.271279E+04  0.106796E+01
  0.271613E+04  0.115302E+01
  0.271948E+04  0.118825E+01
  0.272282E+04  0.118218E+01
  0.272616E+04  0.122411E+01
  0.272950E+04  0.122397E+01
  0.273284E+04  0.128276E+01
  0.273618E+04  0.132373E+01
  0.273952E+04  0.136722E+01
  0.274286E+04  0.141370E+01
  0.274620E+04  0.139846E+01
  0.274954E+04  0.143490E+01
  0.275288E+04  0.144823E+01
  0.275623E+04  0.153763E+01
  0.275957E+04  0.162343E+01
  0.276291E+04  0.150418E+01
  0.276625E+04  0.147798E+01
  0.276959E+04  0.162315E+01
  0.277293E+04  0.163765E+01
  0.277627E+04  0.169451E+01
  0.277961E+04  0.167579E+01
  0.278295E+04  0.174237E+01
  0.278629E+04  0.177591E+01
  0.278963E+04  0.175742E+01
  0.279298E+04  0.173587E+01
  0.279632E+04  0.180889E+01
  0.279966E+04  0.190619E+01
  0.280300E+04  0.187662E+01
  0.280634E+04  0.189556E+01
  0.280968E+04  0.186937E+01
  0.281302E+04  0.192018E+01
  0.281636E+04  0.193947E+01
  0.281970E+04  0.183480E+01
  0.282304E+04  0.198778E+01
  0.282638E+04  0.181606E+01
  0.282972E+04  0.194742E+01
  0.283307E+04  0.190186E+01
  0.283641E+04  0.187497E+01
  0.283975E+04  0.187119E+01
  0.284309E+04  0.186495E+01
  0.284643E+04  0.199779E+01
  0.284977E+04  0.199728E+01
  0.285311E+04  0.202151E+01
  0.285645E+04  0.191713E+01
  0.285979E+04  0.195334E+01
  0.286313E+04  0.197978E+01
  0.286647E+04  0.192060E+01
  0.286982E+04  0.200350E+01
  0.287316E+04  0.195562E+01
  0.287650E+04  0.210950E+01
  0.287984E+04  0.197533E+01
  0.288318E+04  0.193337E+01
  0.288652E+04  0.199884E+01
  0.288986E+04  0.203750E+01
  0.289320E+04  0.195048E+01
  0.289654E+04  0.194861E+01
  0.289988E+04  0.199261E+01
  0.290322E+04  0.199571E+01
  0.290657E+04  0.194920E+01
  0.290991E+04  0.200967E+01
  0.291325E+04  0.202142E+01
  0.291659E+04  0.192721E+01
  0.291993E+04  0.198766E+01
  0.292327E+04  0.194721E+01
  0.292661E+04  0.190453E+01
  0.292995E+04  0.194225E+01
  0.293329E+04  0.196301E+01
  0.293663E+04  0.201346E+01
  0.293997E+04  0.188495E+01
  0.294331E+04  0.190565E+01
  0.294666E+04  0.187417E+01
  0.295000E+04  0.189486E+01
  0.295334E+04  0.182329E+01
  0.295668E+04  0.177900E+01
  0.296002E+04  0.197726E+01
  0.296336E+04  0.189279E+01
  0.296670E+04  0.184406E+01
  0.297004E+04  0.185580E+01
  0.297338E+04  0.198312E+01
  0.297672E+04  0.179393E+01
  0.298006E+04  0.187090E+01
  0.298341E+04  0.200488E+01
  0.298675E+04  0.187489E+01
  0.299009E+04  0.181434E+01
  0.299343E+04  0.181947E+01
  0.299677E+04  0.180617E+01
  0.300011E+04  0.174075E+01
  0.300345E+04  0.186796E+01
  0.300679E+04  0.174679E+01
  0.301013E+04  0.177781E+01
  0.301347E+04  0.175598E+01
  0.301681E+04  0.170332E+01
  0.302015E+04  0.174810E+01
  0.302350E+04  0.176813E+01
  0.302684E+04  0.174960E+01
  0.303018E+04  0.171782E+01
  0.303352E+04  0.164206E+01
  0.303686E+04  0.167299E+01
  0.304020E+04  0.166830E+01
  0.304354E+04  0.173285E+01
  0.304688E+04  0.166004E+01
  0.305022E+04  0.165063E+01
  0.305356E+04  0.159626E+01
  0.305690E+04  0.157599E+01
  0.306025E+04  0.162496E+01
  0.306359E+04  0.160592E+01
  0.306693E+04  0.168095E+01
  0.307027E+04  0.169885E+01
  0.307361E+04  0.156796E+01
  0.307695E+04  0.153745E+01
  0.308029E+04  0.164401E+01
  0.308363E+04  0.157539E+01
  0.308697E+04  0.152161E+01
  0.309031E+04  0.146239E+01
  0.309365E+04  0.157063E+01
  0.309700E+04  0.152232E+01
  0.310034E+04  0.156286E+01
  0.310368E+04  0.148395E+01
  0.310702E+04  0.156759E+01
  0.311036E+04  0.148035E+01
  0.311370E+04  0.150150E+01
  0.311704E+04  0.148876E+01
  0.312038E+04  0.149852E+01
  0.312372E+04  0.152037E+01
  0.312706E+04  0.146589E+01
  0.313040E+04  0.158850E+01
  0.313374E+04  0.144270E+01
  0.313709E+04  0.147786E+01
  0.314043E+04  0.145355E+01
  0.314377E+04  0.148776E+01
  0.314711E+04  0.141540E+01
  0.315045E+04  0.149064E+01
  0.315379E+04  0.153278E+01
  0.315713E+04  0.153104E+01
  0.316047E+04  0.153410E+01
  0.316381E+04  0.145052E+01
  0.316715E+04  0.147619E+01
  0.317049E+04  0.144606E+01
  0.317384E+04  0.137027E+01
  0.317718E+04  0.145402E+01
  0.318052E+04  0.152510E+01
  0.318386E+04  0.148291E+01
  0.318720E+04  0.157442E+01
  0.319054E+04  0.157029E+01
  0.319388E+04  0.155275E+01
  0.319722E+04  0.157480E+01
  0.320056E+04  0.156218E+01
  0.320390E+04  0.151203E+01
  0.320724E+04  0.163503E+01
  0.321059E+04  0.157931E+01
  0.321393E+04  0.166483E+01
  0.321727E+04  0.162261E+01
  0.322061E+04  0.163564E+01
  0.322395E+04  0.170744E+01
  0.322729E+04  0.171569E+01
  0.323063E+04  0.183071E+01
  0.323397E+04  0.172974E+01
  0.323731E+04  0.179427E+01
  0.324065E+04  0.185447E+01
  0.324399E+04  0.189444E+01
  0.324733E+04  0.185984E+01
  0.325068E+04  0.185963E+01
  0.325402E+04  0.189640E+01
  0.325736E+04  0.189855E+01
  0.326070E+04  0.196343E+01
  0.326404E+04  0.220075E+01
  0.326738E+04  0.216382E+01
  0.327072E+04  0.214494E+01
  0.327406E+04  0.224258E+01
  0.327740E+04  0.231425E+01
  0.328074E+04  0.242660E+01
  0.328408E+04  0.244197E+01
  0.328743E+04  0.247094E+01
  0.329077E+04  0.250669E+01
  0.329411E+04  0.259529E+01
  0.329745E+04  0.269336E+01
  0.330079E+04  0.280364E+01
  0.330413E+04  0.292835E+01
  0.330747E+04  0.296184E+01
  0.331081E+04  0.329137E+01
  0.331415E+04  0.347316E+01
  0.331749E+04  0.338569E+01
  0.332083E+04  0.378198E+01
  0.332418E+04  0.384051E+01
  0.332752E+04  0.403886E+01
  0.333086E+04  0.409024E+01
  0.333420E+04  0.412753E+01
  0.333754E+04  0.424529E+01
  0.334088E+04  0.490133E+01
  0.334422E+04  0.483385E+01
  0.334756E+04  0.518575E+01
  0.335090E+04  0.563052E+01
  0.335424E+04  0.559878E+01
  0.335758E+04  0.588543E+01
  0.336092E+04  0.648270E+01
  0.336427E+04  0.663205E+01
  0.336761E+04  0.699008E+01
  0.337095E+04  0.705426E+01
  0.337429E+04  0.754941E+01
  0.337763E+04  0.767511E+01
  0.338097E+04  0.801474E+01
  0.338431E+04  0.815029E+01
  0.338765E+04  0.870165E+01
  0.339099E+04  0.917360E+01
  0.339433E+04  0.980957E+01
  0.339767E+04  0.100699E+02
  0.340102E+04  0.102312E+02
  0.340436E+04  0.110477E+02
  0.340770E+04  0.102886E+02
  0.341104E+04  0.101606E+02
  0.341438E+04  0.106443E+02
  0.341772E+04  0.110778E+02
  0.342106E+04  0.116985E+02
  0.342440E+04  0.109878E+02
  0.342774E+04  0.121340E+02
  0.343108E+04  0.117743E+02
  0.343442E+04  0.119536E+02
  0.343776E+04  0.120596E+02
  0.344111E+04  0.123356E+02
  0.344445E+04  0.126126E+02
  0.344779E+04  0.124242E+02
  0.345113E+04  0.132074E+02
  0.345447E+04  0.140331E+02
  0.345781E+04  0.139564E+02
  0.346115E+04  0.139238E+02
  0.346449E+04  0.141359E+02
  0.346783E+04  0.141235E+02
  0.347117E+04  0.150180E+02
  0.347451E+04  0.151479E+02
  0.347786E+04  0.161771E+02
  0.348120E+04  0.169981E+02
  0.348454E+04  0.158956E+02
  0.348788E+04  0.164888E+02
  0.349122E+04  0.171179E+02
  0.349456E+04  0.177908E+02
  0.349790E+04  0.181573E+02
  0.350124E+04  0.189354E+02
  0.350458E+04  0.182371E+02
  0.350792E+04  0.195242E+02
  0.351126E+04  0.197401E+02
  0.351461E+04  0.195696E+02
  0.351795E+04  0.190076E+02
  0.352129E+04  0.213177E+02
  0.352463E+04  0.203524E+02
  0.352797E+04  0.194203E+02
  0.353131E+04  0.206496E+02
  0.353465E+04  0.209706E+02
  0.353799E+04  0.210305E+02
  0.354133E+04  0.199280E+02
  0.354467E+04  0.201432E+02
  0.354801E+04  0.184560E+02
  0.355135E+04  0.201870E+02
  0.355470E+04  0.196190E+02
  0.355804E+04  0.192279E+02
  0.356138E+04  0.195290E+02
  0.356472E+04  0.186449E+02
  0.356806E+04  0.188383E+02
  0.357140E+04  0.185068E+02
  0.357474E+04  0.189424E+02
  0.357808E+04  0.172995E+02
  0.358142E+04  0.170538E+02
  0.358476E+04  0.173550E+02
  0.358810E+04  0.175795E+02
  0.359145E+04  0.177047E+02
  0.359479E+04  0.169366E+02
  0.359813E+04  0.144823E+02
  0.360147E+04  0.159299E+02
  0.360481E+04  0.160243E+02
  0.360815E+04  0.153297E+02
  0.361149E+04  0.158366E+02
  0.361483E+04  0.154238E+02
  0.361817E+04  0.158211E+02
  0.362151E+04  0.159652E+02
  0.362485E+04  0.154314E+02
  0.362820E+04  0.151951E+02
  0.363154E+04  0.160002E+02
  0.363488E+04  0.157475E+02
  0.363822E+04  0.154440E+02
  0.364156E+04  0.169572E+02
  0.364490E+04  0.173125E+02
  0.364824E+04  0.172268E+02
  0.365158E+04  0.172044E+02
  0.365492E+04  0.174613E+02
  0.365826E+04  0.175025E+02
  0.366160E+04  0.165003E+02
  0.366494E+04  0.176207E+02
  0.366829E+04  0.167754E+02
  0.367163E+04  0.180518E+02
  0.367497E+04  0.183300E+02
  0.367831E+04  0.169098E+02
  0.368165E+04  0.172412E+02
  0.368499E+04  0.176456E+02
  0.368833E+04  0.162565E+02
  0.369167E+04  0.161809E+02
  0.369501E+04  0.155890E+02
  0.369835E+04  0.157309E+02
  0.370169E+04  0.153354E+02
  0.370504E+04  0.144043E+02
  0.370838E+04  0.138604E+02
  0.371172E+04  0.142944E+02
  0.371506E+04  0.135386E+02
  0.371840E+04  0.129314E+02
  0.372174E+04  0.120539E+02
  0.372508E+04  0.114502E+02
  0.372842E+04  0.107923E+02
  0.373176E+04  0.982466E+01
  0.373510E+04  0.959523E+01
  0.373844E+04  0.922512E+01
  0.374178E+04  0.902835E+01
  0.374513E+04  0.882243E+01
  0.374847E+04  0.775106E+01
  0.375181E+04  0.738979E+01
  0.375515E+04  0.674370E+01
  0.375849E+04  0.648557E+01
  0.376183E+04  0.602616E+01
  0.376517E+04  0.574476E+01
  0.376851E+04  0.526117E+01
  0.377185E+04  0.497051E+01
  0.377519E+04  0.430814E+01
  0.377853E+04  0.397147E+01
  0.378188E+04  0.386183E+01
  0.378522E+04  0.355381E+01
  0.378856E+04  0.332342E+01
  0.379190E+04  0.290060E+01
  0.379524E+04  0.280734E+01
  0.379858E+04  0.262263E+01
  0.380192E+04  0.241763E+01
  0.380526E+04  0.235468E+01
  0.380860E+04  0.217224E+01
  0.381194E+04  0.199675E+01
  0.381528E+04  0.170744E+01
  0.381863E+04  0.170864E+01
  0.382197E+04  0.164037E+01
  0.382531E+04  0.156507E+01
  0.382865E+04  0.146357E+01
  0.383199E+04  0.142132E+01
  0.383533E+04  0.132146E+01
  0.383867E+04  0.122264E+01
  0.384201E+04  0.120033E+01
  0.384535E+04  0.112167E+01
  0.384869E+04  0.100811E+01
  0.385203E+04  0.103344E+01
  0.385537E+04  0.980788E+00
  0.385872E+04  0.927363E+00
  0.386206E+04  0.919780E+00
  0.386540E+04  0.880771E+00
  0.386874E+04  0.894979E+00
  0.387208E+04  0.855208E+00
  0.387542E+04  0.828366E+00
  0.387876E+04  0.735371E+00
  0.388210E+04  0.827265E+00
  0.388544E+04  0.744232E+00
  0.388878E+04  0.733975E+00
  0.389212E+04  0.706553E+00
  0.389547E+04  0.709418E+00
  0.389881E+04  0.699404E+00
  0.390215E+04  0.716326E+00
  0.390549E+04  0.659044E+00
  0.390883E+04  0.660898E+00
  0.391217E+04  0.638005E+00
  0.391551E+04  0.640506E+00
  0.391885E+04  0.669150E+00
  0.392219E+04  0.648551E+00
  0.392553E+04  0.652264E+00
  0.392887E+04  0.628297E+00
  0.393222E+04  0.605731E+00
  0.393556E+04  0.613629E+00
  0.393890E+04  0.603060E+00
  0.394224E+04  0.639251E+00
  0.394558E+04  0.576379E+00
  0.394892E+04  0.607271E+00
  0.395226E+04  0.606509E+00
  0.395560E+04  0.602907E+00
  0.395894E+04  0.585220E+00
  0.396228E+04  0.594645E+00
  0.396562E+04  0.612992E+00
  0.396896E+04  0.561965E+00
  0.397231E+04  0.596833E+00
  0.397565E+04  0.588016E+00
  0.397899E+04  0.580983E+00
  0.398233E+04  0.575517E+00
  0.398567E+04  0.584607E+00
  0.398901E+04  0.599742E+00
  0.399235E+04  0.578496E+00
  0.399569E+04  0.583792E+00
  0.399903E+04  0.589161E+00
  0.400237E+04  0.570079E+00
  0.400571E+04  0.572088E+00
  0.400906E+04  0.564188E+00
  0.401240E+04  0.589101E+00
  0.401574E+04  0.601291E+00
  0.401908E+04  0.564680E+00
  0.402242E+04  0.585766E+00
  0.402576E+04  0.576425E+00
  0.402910E+04  0.566917E+00
  0.403244E+04  0.602242E+00
  0.403578E+04  0.572234E+00
  0.403912E+04  0.551337E+00
  0.404246E+04  0.578021E+00
  0.404580E+04  0.605326E+00
  0.404915E+04  0.621285E+00
  0.405249E+04  0.581755E+00
  0.405583E+04  0.568077E+00
  0.405917E+04  0.590482E+00
  0.406251E+04  0.548994E+00
  0.406585E+04  0.557723E+00
  0.406919E+04  0.560935E+00
  0.407253E+04  0.571259E+00
  0.407587E+04  0.573718E+00
  0.407921E+04  0.550181E+00
  0.408255E+04  0.545769E+00
  0.408590E+04  0.560437E+00
  0.408924E+04  0.523156E+00
  0.409258E+04  0.539605E+00
  0.409592E+04  0.570672E+00
  0.409926E+04  0.549924E+00
  0.410260E+04  0.561848E+00
  0.410594E+04  0.554372E+00
  0.410928E+04  0.541880E+00
  0.411262E+04  0.534118E+00
  0.411596E+04  0.523791E+00
  0.411930E+04  0.524378E+00
  0.412265E+04  0.521233E+00
  0.412599E+04  0.511228E+00
  0.412933E+04  0.496611E+00
  0.413267E+04  0.527806E+00
  0.413601E+04  0.494960E+00
  0.413935E+04  0.511460E+00
  0.414269E+04  0.485550E+00
  0.414603E+04  0.483607E+00
  0.414937E+04  0.464370E+00
  0.415271E+04  0.498599E+00
  0.415605E+04  0.488648E+00
  0.415939E+04  0.480659E+00
  0.416274E+04  0.501238E+00
  0.416608E+04  0.479173E+00
  0.416942E+04  0.471206E+00
  0.417276E+04  0.439728E+00
  0.417610E+04  0.432079E+00
  0.417944E+04  0.452737E+00
  0.418278E+04  0.441299E+00
  0.418612E+04  0.440761E+00
  0.418946E+04  0.417563E+00
  0.419280E+04  0.435917E+00
  0.419614E+04  0.423074E+00
  0.419949E+04  0.414138E+00
  0.420283E+04  0.403121E+00
  0.420617E+04  0.384308E+00
  0.420951E+04  0.383882E+00
  0.421285E+04  0.390116E+00
  0.421619E+04  0.395092E+00
  0.421953E+04  0.394724E+00
  0.422287E+04  0.394235E+00
  0.422621E+04  0.370533E+00
  0.422955E+04  0.361749E+00
  0.423289E+04  0.364298E+00
  0.423624E+04  0.357306E+00
  0.423958E+04  0.347183E+00
  0.424292E+04  0.355704E+00
  0.424626E+04  0.350650E+00
  0.424960E+04  0.344528E+00
  0.425294E+04  0.329396E+00
  0.425628E+04  0.338496E+00
  0.425962E+04  0.320078E+00
  0.426296E+04  0.323594E+00
  0.426630E+04  0.334153E+00
  0.426964E+04  0.316564E+00
  0.427298E+04  0.316537E+00
  0.427633E+04  0.314870E+00
  0.427967E+04  0.315568E+00
  0.428301E+04  0.311704E+00
  0.428635E+04  0.297717E+00
  0.428969E+04  0.293687E+00
  0.429303E+04  0.300849E+00
  0.429637E+04  0.297335E+00
  0.429971E+04  0.299363E+00
  0.430305E+04  0.295796E+00
  0.430639E+04  0.278519E+00
  0.430973E+04  0.279891E+00
  0.431308E+04  0.273121E+00
  0.431642E+04  0.283752E+00
  0.431976E+04  0.271815E+00
  0.432310E+04  0.271522E+00
  0.432644E+04  0.268646E+00
  0.432978E+04  0.274685E+00
  0.433312E+04  0.262638E+00
  0.433646E+04  0.268960E+00
  0.433980E+04  0.270924E+00
  0.434314E+04  0.264371E+00
  0.434648E+04  0.254732E+00
  0.434982E+04  0.254093E+00
  0.435317E+04  0.248101E+00
  0.435651E+04  0.255083E+00
  0.435985E+04  0.252536E+00
  0.436319E+04  0.260729E+00
  0.436653E+04  0.250340E+00
  0.436987E+04  0.250079E+00
  0.437321E+04  0.250569E+00
  0.437655E+04  0.256308E+00
  0.437989E+04  0.245942E+00
  0.438323E+04  0.244388E+00
  0.438657E+04  0.244506E+00
  0.438992E+04  0.230564E+00
  0.439326E+04  0.237780E+00
  0.439660E+04  0.236381E+00
  0.439994E+04  0.241042E+00
  0.440328E+04  0.236218E+00
  0.440662E+04  0.236971E+00
  0.440996E+04  0.235921E+00
  0.441330E+04  0.235057E+00
  0.441664E+04  0.227796E+00
  0.441998E+04  0.236661E+00
  0.442332E+04  0.233365E+00
  0.442667E+04  0.227041E+00
  0.443001E+04  0.224590E+00
  0.443335E+04  0.224845E+00
  0.443669E+04  0.220710E+00
  0.444003E+04  0.221626E+00
  0.444337E+04  0.221461E+00
  0.444671E+04  0.227174E+00
  0.445005E+04  0.219260E+00
  0.445339E+04  0.217267E+00
  0.445673E+04  0.214733E+00
  0.446007E+04  0.214131E+00
  0.446341E+04  0.220251E+00
  0.446676E+04  0.212117E+00
  0.447010E+04  0.218579E+00
  0.447344E+04  0.211871E+00
  0.447678E+04  0.215121E+00
  0.448012E+04  0.211979E+00
  0.448346E+04  0.208975E+00
  0.448680E+04  0.206836E+00
  0.449014E+04  0.209528E+00
  0.449348E+04  0.206849E+00
  0.449682E+04  0.208971E+00
  0.450016E+04  0.210803E+00
  0.450351E+04  0.210649E+00
  0.450685E+04  0.207752E+00
  0.451019E+04  0.210182E+00
  0.451353E+04  0.205750E+00
  0.451687E+04  0.208714E+00
  0.452021E+04  0.204683E+00
  0.452355E+04  0.209530E+00
  0.452689E+04  0.206204E+00
  0.453023E+04  0.206171E+00
  0.453357E+04  0.208310E+00
  0.453691E+04  0.204245E+00
  0.454026E+04  0.204670E+00
  0.454360E+04  0.200071E+00
  0.454694E+04  0.200027E+00
  0.455028E+04  0.202276E+00
  0.455362E+04  0.199670E+00
  0.455696E+04  0.206768E+00
  0.456030E+04  0.200500E+00
  0.456364E+04  0.201632E+00
  0.456698E+04  0.198781E+00
  0.457032E+04  0.198593E+00
  0.457366E+04  0.200786E+00
  0.457700E+04  0.202132E+00
  0.458035E+04  0.198461E+00
  0.458369E+04  0.193471E+00
  0.458703E+04  0.197499E+00
  0.459037E+04  0.198950E+00
  0.459371E+04  0.199532E+00
  0.459705E+04  0.198256E+00
  0.460039E+04  0.198208E+00
  0.460373E+04  0.199483E+00
  0.460707E+04  0.197919E+00
  0.461041E+04  0.198460E+00
  0.461375E+04  0.198555E+00
  0.461710E+04  0.200687E+00
  0.462044E+04  0.198286E+00
  0.462378E+04  0.198098E+00
  0.462712E+04  0.199456E+00
  0.463046E+04  0.199310E+00
  0.463380E+04  0.194650E+00
  0.463714E+04  0.196819E+00
  0.464048E+04  0.198380E+00
  0.464382E+04  0.194609E+00
  0.464716E+04  0.194471E+00
  0.465050E+04  0.196591E+00
  0.465385E+04  0.200172E+00
  0.465719E+04  0.200816E+00
  0.466053E+04  0.196158E+00
  0.466387E+04  0.194217E+00
  0.466721E+04  0.196615E+00
  0.467055E+04  0.198010E+00
  0.467389E+04  0.197055E+00
  0.467723E+04  0.198656E+00
  0.468057E+04  0.197338E+00
  0.468391E+04  0.197904E+00
  0.468725E+04  0.198672E+00
  0.469059E+04  0.196411E+00
  0.469394E+04  0.199149E+00
  0.469728E+04  0.197546E+00
  0.470062E+04  0.196382E+00
  0.470396E+04  0.197607E+00
  0.470730E+04  0.197400E+00
  0.471064E+04  0.201372E+00
  0.471398E+04  0.193595E+00
  0.471732E+04  0.197439E+00
  0.472066E+04  0.197961E+00
  0.472400E+04  0.192496E+00
  0.472734E+04  0.198721E+00
  0.473069E+04  0.193841E+00
  0.473403E+04  0.194744E+00
  0.473737E+04  0.196501E+00
  0.474071E+04  0.198796E+00
  0.474405E+04  0.197176E+00
  0.474739E+04  0.193436E+00
  0.475073E+04  0.197524E+00
  0.475407E+04  0.196270E+00
  0.475741E+04  0.197201E+00
  0.476075E+04  0.197585E+00
  0.476409E+04  0.197878E+00
  0.476743E+04  0.197468E+00
  0.477078E+04  0.201691E+00
  0.477412E+04  0.194000E+00
  0.477746E+04  0.196348E+00
  0.478080E+04  0.197180E+00
  0.478414E+04  0.199679E+00
  0.478748E+04  0.198529E+00
  0.479082E+04  0.198658E+00
  0.479416E+04  0.197987E+00
  0.479750E+04  0.200647E+00
  0.480084E+04  0.198467E+00
  0.480418E+04  0.198657E+00
  0.480753E+04  0.196517E+00
  0.481087E+04  0.196947E+00
  0.481421E+04  0.197124E+00
  0.481755E+04  0.200403E+00
  0.482089E+04  0.202875E+00
  0.482423E+04  0.196403E+00
  0.482757E+04  0.201399E+00
  0.483091E+04  0.199221E+00
  0.483425E+04  0.203668E+00
  0.483759E+04  0.202388E+00
  0.484093E+04  0.200932E+00
  0.484428E+04  0.200300E+00
  0.484762E+04  0.199553E+00
  0.485096E+04  0.200435E+00
  0.485430E+04  0.201672E+00
  0.485764E+04  0.201003E+00
  0.486098E+04  0.200768E+00
  0.486432E+04  0.203299E+00
  0.486766E+04  0.200338E+00
  0.487100E+04  0.201592E+00
  0.487434E+04  0.202350E+00
  0.487768E+04  0.202321E+00
  0.488102E+04  0.203767E+00
  0.488437E+04  0.200124E+00
  0.488771E+04  0.201963E+00
  0.489105E+04  0.201431E+00
  0.489439E+04  0.201371E+00
  0.489773E+04  0.199714E+00
  0.490107E+04  0.205960E+00
  0.490441E+04  0.207207E+00
  0.490775E+04  0.204527E+00
  0.491109E+04  0.203851E+00
  0.491443E+04  0.206715E+00
  0.491777E+04  0.212988E+00
  0.492112E+04  0.210542E+00
  0.492446E+04  0.206195E+00
  0.492780E+04  0.207415E+00
  0.493114E+04  0.210440E+00
  0.493448E+04  0.201679E+00
  0.493782E+04  0.210004E+00
  0.494116E+04  0.212909E+00
  0.494450E+04  0.209641E+00
  0.494784E+04  0.207377E+00
  0.495118E+04  0.211503E+00
  0.495452E+04  0.210493E+00
  0.495787E+04  0.210867E+00
  0.496121E+04  0.216818E+00
  0.496455E+04  0.212974E+00
  0.496789E+04  0.215727E+00
  0.497123E+04  0.215648E+00
  0.497457E+04  0.212303E+00
  0.497791E+04  0.214742E+00
  0.498125E+04  0.214490E+00
  0.498459E+04  0.216017E+00
  0.498793E+04  0.217451E+00
  0.499127E+04  0.222164E+00
  0.499461E+04  0.220052E+00
  0.499796E+04  0.223396E+00
  0.500130E+04  0.225103E+00
  0.500464E+04  0.219774E+00
