  0.000000E+00  0.000000E+00
  0.334088E+01  0.468655E+00
  0.668176E+01  0.559593E+00
  0.100226E+02  0.681329E+00
  0.133635E+02  0.720531E+00
  0.167044E+02  0.771660E+00
  0.200453E+02  0.795566E+00
  0.233862E+02  0.884287E+00
  0.267270E+02  0.970537E+00
  0.300679E+02  0.976396E+00
  0.334088E+02  0.111361E+01
  0.367497E+02  0.120949E+01
  0.400906E+02  0.118429E+01
  0.434314E+02  0.115591E+01
  0.467723E+02  0.123383E+01
  0.501132E+02  0.126390E+01
  0.534541E+02  0.123397E+01
  0.567949E+02  0.129940E+01
  0.601358E+02  0.122049E+01
  0.634767E+02  0.129216E+01
  0.668176E+02  0.136577E+01
  0.701585E+02  0.129776E+01
  0.734993E+02  0.130320E+01
  0.768402E+02  0.122445E+01
  0.801811E+02  0.125522E+01
  0.835220E+02  0.115798E+01
  0.868629E+02  0.127818E+01
  0.902037E+02  0.119037E+01
  0.935446E+02  0.126456E+01
  0.968855E+02  0.133405E+01
  0.100226E+03  0.124143E+01
  0.103567E+03  0.126562E+01
  0.106908E+03  0.128094E+01
  0.110249E+03  0.129448E+01
  0.113590E+03  0.124641E+01
  0.116931E+03  0.127683E+01
  0.120272E+03  0.134908E+01
  0.123613E+03  0.145546E+01
  0.126953E+03  0.145415E+01
  0.130294E+03  0.137140E+01
  0.133635E+03  0.151071E+01
  0.136976E+03  0.154718E+01
  0.140317E+03  0.149819E+01
  0.143658E+03  0.161154E+01
  0.146999E+03  0.158784E+01
  0.150340E+03  0.156436E+01
  0.153680E+03  0.169613E+01
  0.157021E+03  0.167206E+01
  0.160362E+03  0.160308E+01
  0.163703E+03  0.166249E+01
  0.167044E+03  0.174622E+01
  0.170385E+03  0.171840E+01
  0.173726E+03  0.186738E+01
  0.177067E+03  0.191923E+01
  0.180407E+03  0.204302E+01
  0.183748E+03  0.205120E+01
  0.187089E+03  0.202468E+01
  0.190430E+03  0.217300E+01
  0.193771E+03  0.221471E+01
  0.197112E+03  0.212718E+01
  0.200453E+03  0.220038E+01
  0.203794E+03  0.237810E+01
  0.207135E+03  0.247601E+01
  0.210475E+03  0.238017E+01
  0.213816E+03  0.250579E+01
  0.217157E+03  0.252100E+01
  0.220498E+03  0.266530E+01
  0.223839E+03  0.257296E+01
  0.227180E+03  0.282875E+01
  0.230521E+03  0.312484E+01
  0.233862E+03  0.315819E+01
  0.237202E+03  0.284277E+01
  0.240543E+03  0.322638E+01
  0.243884E+03  0.294829E+01
  0.247225E+03  0.324955E+01
  0.250566E+03  0.336048E+01
  0.253907E+03  0.341057E+01
  0.257248E+03  0.341283E+01
  0.260589E+03  0.349544E+01
  0.263929E+03  0.360186E+01
  0.267270E+03  0.341153E+01
  0.270611E+03  0.373456E+01
  0.273952E+03  0.377626E+01
  0.277293E+03  0.404322E+01
  0.280634E+03  0.381149E+01
  0.283975E+03  0.417377E+01
  0.287316E+03  0.431384E+01
  0.290657E+03  0.435087E+01
  0.293997E+03  0.412119E+01
  0.297338E+03  0.463212E+01
  0.300679E+03  0.461075E+01
  0.304020E+03  0.493173E+01
  0.307361E+03  0.491576E+01
  0.310702E+03  0.471647E+01
  0.314043E+03  0.508676E+01
  0.317384E+03  0.553257E+01
  0.320724E+03  0.556678E+01
  0.324065E+03  0.549266E+01
  0.327406E+03  0.554516E+01
  0.330747E+03  0.598271E+01
  0.334088E+03  0.621529E+01
  0.337429E+03  0.653600E+01
  0.340770E+03  0.652504E+01
  0.344111E+03  0.661525E+01
  0.347451E+03  0.698687E+01
  0.350792E+03  0.677636E+01
  0.354133E+03  0.668239E+01
  0.357474E+03  0.700544E+01
  0.360815E+03  0.705648E+01
  0.364156E+03  0.764582E+01
  0.367497E+03  0.787976E+01
  0.370838E+03  0.852393E+01
  0.374178E+03  0.890939E+01
  0.377519E+03  0.857753E+01
  0.380860E+03  0.821945E+01
  0.384201E+03  0.857224E+01
  0.387542E+03  0.915919E+01
  0.390883E+03  0.932902E+01
  0.394224E+03  0.956658E+01
  0.397565E+03  0.931139E+01
  0.400906E+03  0.901187E+01
  0.404246E+03  0.101189E+02
  0.407587E+03  0.101752E+02
  0.410928E+03  0.105087E+02
  0.414269E+03  0.108652E+02
  0.417610E+03  0.107455E+02
  0.420951E+03  0.107236E+02
  0.424292E+03  0.117574E+02
  0.427633E+03  0.114902E+02
  0.430973E+03  0.116074E+02
  0.434314E+03  0.116901E+02
  0.437655E+03  0.118466E+02
  0.440996E+03  0.119587E+02
  0.444337E+03  0.129523E+02
  0.447678E+03  0.132578E+02
  0.451019E+03  0.131392E+02
  0.454360E+03  0.134781E+02
  0.457700E+03  0.142987E+02
  0.461041E+03  0.147211E+02
  0.464382E+03  0.149172E+02
  0.467723E+03  0.139076E+02
  0.471064E+03  0.141221E+02
  0.474405E+03  0.149796E+02
  0.477746E+03  0.147347E+02
  0.481087E+03  0.149440E+02
  0.484428E+03  0.149243E+02
  0.487768E+03  0.148418E+02
  0.491109E+03  0.159308E+02
  0.494450E+03  0.153698E+02
  0.497791E+03  0.154687E+02
  0.501132E+03  0.156230E+02
  0.504473E+03  0.155958E+02
  0.507814E+03  0.152523E+02
  0.511155E+03  0.172184E+02
  0.514495E+03  0.153353E+02
  0.517836E+03  0.146252E+02
  0.521177E+03  0.156134E+02
  0.524518E+03  0.158745E+02
  0.527859E+03  0.156930E+02
  0.531200E+03  0.176087E+02
  0.534541E+03  0.166923E+02
  0.537882E+03  0.164166E+02
  0.541222E+03  0.158437E+02
  0.544563E+03  0.144080E+02
  0.547904E+03  0.161149E+02
  0.551245E+03  0.151748E+02
  0.554586E+03  0.159643E+02
  0.557927E+03  0.151611E+02
  0.561268E+03  0.164956E+02
  0.564609E+03  0.164703E+02
  0.567949E+03  0.151336E+02
  0.571290E+03  0.152705E+02
  0.574631E+03  0.152276E+02
  0.577972E+03  0.163715E+02
  0.581313E+03  0.153760E+02
  0.584654E+03  0.163903E+02
  0.587995E+03  0.166557E+02
  0.591336E+03  0.158422E+02
  0.594677E+03  0.158498E+02
  0.598017E+03  0.162311E+02
  0.601358E+03  0.160075E+02
  0.604699E+03  0.167815E+02
  0.608040E+03  0.149003E+02
  0.611381E+03  0.146848E+02
  0.614722E+03  0.155830E+02
  0.618063E+03  0.165144E+02
  0.621404E+03  0.143794E+02
  0.624744E+03  0.142710E+02
  0.628085E+03  0.158072E+02
  0.631426E+03  0.139170E+02
  0.634767E+03  0.151068E+02
  0.638108E+03  0.148691E+02
  0.641449E+03  0.154030E+02
  0.644790E+03  0.158153E+02
  0.648131E+03  0.156021E+02
  0.651471E+03  0.151571E+02
  0.654812E+03  0.140037E+02
  0.658153E+03  0.147112E+02
  0.661494E+03  0.137747E+02
  0.664835E+03  0.156713E+02
  0.668176E+03  0.164624E+02
  0.671517E+03  0.149888E+02
  0.674858E+03  0.155974E+02
  0.678199E+03  0.143134E+02
  0.681539E+03  0.139239E+02
  0.684880E+03  0.140771E+02
  0.688221E+03  0.151375E+02
  0.691562E+03  0.142985E+02
  0.694903E+03  0.139864E+02
  0.698244E+03  0.150720E+02
  0.701585E+03  0.144527E+02
  0.704926E+03  0.133639E+02
  0.708266E+03  0.149631E+02
  0.711607E+03  0.135836E+02
  0.714948E+03  0.133103E+02
  0.718289E+03  0.136213E+02
  0.721630E+03  0.131851E+02
  0.724971E+03  0.125109E+02
  0.728312E+03  0.136860E+02
  0.731653E+03  0.135793E+02
  0.734993E+03  0.136302E+02
  0.738334E+03  0.120300E+02
  0.741675E+03  0.132149E+02
  0.745016E+03  0.130006E+02
  0.748357E+03  0.134364E+02
  0.751698E+03  0.133996E+02
  0.755039E+03  0.134840E+02
  0.758380E+03  0.130173E+02
  0.761721E+03  0.120830E+02
  0.765061E+03  0.141621E+02
  0.768402E+03  0.122453E+02
  0.771743E+03  0.120711E+02
  0.775084E+03  0.130585E+02
  0.778425E+03  0.119230E+02
  0.781766E+03  0.124695E+02
  0.785107E+03  0.139601E+02
  0.788448E+03  0.137428E+02
  0.791788E+03  0.141977E+02
  0.795129E+03  0.125364E+02
  0.798470E+03  0.119995E+02
  0.801811E+03  0.127634E+02
  0.805152E+03  0.126360E+02
  0.808493E+03  0.122241E+02
  0.811834E+03  0.121911E+02
  0.815175E+03  0.127405E+02
  0.818515E+03  0.122236E+02
  0.821856E+03  0.119868E+02
  0.825197E+03  0.124520E+02
  0.828538E+03  0.121326E+02
  0.831879E+03  0.115157E+02
  0.835220E+03  0.119481E+02
  0.838561E+03  0.105177E+02
  0.841902E+03  0.118430E+02
  0.845242E+03  0.114440E+02
  0.848583E+03  0.116318E+02
  0.851924E+03  0.116136E+02
  0.855265E+03  0.115369E+02
  0.858606E+03  0.114075E+02
  0.861947E+03  0.115428E+02
  0.865288E+03  0.114808E+02
  0.868629E+03  0.117607E+02
  0.871970E+03  0.112022E+02
  0.875310E+03  0.106058E+02
  0.878651E+03  0.105949E+02
  0.881992E+03  0.102754E+02
  0.885333E+03  0.906606E+01
  0.888674E+03  0.110816E+02
  0.892015E+03  0.105774E+02
  0.895356E+03  0.103443E+02
  0.898697E+03  0.104548E+02
  0.902037E+03  0.935225E+01
  0.905378E+03  0.957655E+01
  0.908719E+03  0.892956E+01
  0.912060E+03  0.895324E+01
  0.915401E+03  0.978091E+01
  0.918742E+03  0.880792E+01
  0.922083E+03  0.789172E+01
  0.925424E+03  0.776586E+01
  0.928764E+03  0.785611E+01
  0.932105E+03  0.752750E+01
  0.935446E+03  0.705975E+01
  0.938787E+03  0.693097E+01
  0.942128E+03  0.701300E+01
  0.945469E+03  0.728284E+01
  0.948810E+03  0.673885E+01
  0.952151E+03  0.611015E+01
  0.955492E+03  0.587833E+01
  0.958832E+03  0.576874E+01
  0.962173E+03  0.585809E+01
  0.965514E+03  0.548892E+01
  0.968855E+03  0.517224E+01
  0.972196E+03  0.512496E+01
  0.975537E+03  0.526378E+01
  0.978878E+03  0.498920E+01
  0.982219E+03  0.461699E+01
  0.985559E+03  0.411087E+01
  0.988900E+03  0.406620E+01
  0.992241E+03  0.415794E+01
  0.995582E+03  0.363584E+01
  0.998923E+03  0.379961E+01
  0.100226E+04  0.350816E+01
  0.100560E+04  0.345429E+01
  0.100895E+04  0.338464E+01
  0.101229E+04  0.357049E+01
  0.101563E+04  0.345516E+01
  0.101897E+04  0.302727E+01
  0.102231E+04  0.337609E+01
  0.102565E+04  0.335540E+01
  0.102899E+04  0.318288E+01
  0.103233E+04  0.293615E+01
  0.103567E+04  0.284802E+01
  0.103901E+04  0.296705E+01
  0.104235E+04  0.291084E+01
  0.104570E+04  0.284732E+01
  0.104904E+04  0.251059E+01
  0.105238E+04  0.264812E+01
  0.105572E+04  0.256659E+01
  0.105906E+04  0.263418E+01
  0.106240E+04  0.276050E+01
  0.106574E+04  0.248088E+01
  0.106908E+04  0.260304E+01
  0.107242E+04  0.250135E+01
  0.107576E+04  0.232061E+01
  0.107910E+04  0.240078E+01
  0.108244E+04  0.222133E+01
  0.108579E+04  0.242524E+01
  0.108913E+04  0.226215E+01
  0.109247E+04  0.240896E+01
  0.109581E+04  0.222608E+01
  0.109915E+04  0.229361E+01
  0.110249E+04  0.230561E+01
  0.110583E+04  0.212390E+01
  0.110917E+04  0.218622E+01
  0.111251E+04  0.206138E+01
  0.111585E+04  0.200971E+01
  0.111919E+04  0.208311E+01
  0.112254E+04  0.193490E+01
  0.112588E+04  0.186905E+01
  0.112922E+04  0.210780E+01
  0.113256E+04  0.186203E+01
  0.113590E+04  0.179459E+01
  0.113924E+04  0.197740E+01
  0.114258E+04  0.207809E+01
  0.114592E+04  0.197404E+01
  0.114926E+04  0.204878E+01
  0.115260E+04  0.188137E+01
  0.115594E+04  0.184677E+01
  0.115929E+04  0.179490E+01
  0.116263E+04  0.195082E+01
  0.116597E+04  0.179582E+01
  0.116931E+04  0.174403E+01
  0.117265E+04  0.180255E+01
  0.117599E+04  0.186687E+01
  0.117933E+04  0.168300E+01
  0.118267E+04  0.169149E+01
  0.118601E+04  0.178053E+01
  0.118935E+04  0.177586E+01
  0.119269E+04  0.156688E+01
  0.119603E+04  0.172871E+01
  0.119938E+04  0.182789E+01
  0.120272E+04  0.176223E+01
  0.120606E+04  0.166455E+01
  0.120940E+04  0.182306E+01
  0.121274E+04  0.170070E+01
  0.121608E+04  0.178357E+01
  0.121942E+04  0.165052E+01
  0.122276E+04  0.164121E+01
  0.122610E+04  0.165117E+01
  0.122944E+04  0.173289E+01
  0.123278E+04  0.175054E+01
  0.123613E+04  0.176983E+01
  0.123947E+04  0.169758E+01
  0.124281E+04  0.182435E+01
  0.124615E+04  0.176281E+01
  0.124949E+04  0.163149E+01
  0.125283E+04  0.169235E+01
  0.125617E+04  0.173808E+01
  0.125951E+04  0.161967E+01
  0.126285E+04  0.163112E+01
  0.126619E+04  0.177434E+01
  0.126953E+04  0.172325E+01
  0.127288E+04  0.173223E+01
  0.127622E+04  0.162549E+01
  0.127956E+04  0.179685E+01
  0.128290E+04  0.185101E+01
  0.128624E+04  0.175569E+01
  0.128958E+04  0.171215E+01
  0.129292E+04  0.194213E+01
  0.129626E+04  0.185809E+01
  0.129960E+04  0.174473E+01
  0.130294E+04  0.175711E+01
  0.130628E+04  0.181187E+01
  0.130962E+04  0.189788E+01
  0.131297E+04  0.192052E+01
  0.131631E+04  0.182041E+01
  0.131965E+04  0.192711E+01
  0.132299E+04  0.178410E+01
  0.132633E+04  0.163307E+01
  0.132967E+04  0.181896E+01
  0.133301E+04  0.178755E+01
  0.133635E+04  0.195292E+01
  0.133969E+04  0.179242E+01
  0.134303E+04  0.188504E+01
  0.134637E+04  0.171387E+01
  0.134972E+04  0.182133E+01
  0.135306E+04  0.193809E+01
  0.135640E+04  0.181570E+01
  0.135974E+04  0.182557E+01
  0.136308E+04  0.191437E+01
  0.136642E+04  0.195433E+01
  0.136976E+04  0.171755E+01
  0.137310E+04  0.179855E+01
  0.137644E+04  0.195841E+01
  0.137978E+04  0.183646E+01
  0.138312E+04  0.189728E+01
  0.138646E+04  0.200675E+01
  0.138981E+04  0.188884E+01
  0.139315E+04  0.193109E+01
  0.139649E+04  0.183154E+01
  0.139983E+04  0.197755E+01
  0.140317E+04  0.211847E+01
  0.140651E+04  0.200640E+01
  0.140985E+04  0.207772E+01
  0.141319E+04  0.196427E+01
  0.141653E+04  0.214084E+01
  0.141987E+04  0.216910E+01
  0.142321E+04  0.230258E+01
  0.142656E+04  0.206680E+01
  0.142990E+04  0.208300E+01
  0.143324E+04  0.222375E+01
  0.143658E+04  0.215412E+01
  0.143992E+04  0.242896E+01
  0.144326E+04  0.242013E+01
  0.144660E+04  0.244961E+01
  0.144994E+04  0.242403E+01
  0.145328E+04  0.245523E+01
  0.145662E+04  0.261783E+01
  0.145996E+04  0.276020E+01
  0.146331E+04  0.292597E+01
  0.146665E+04  0.304601E+01
  0.146999E+04  0.297306E+01
  0.147333E+04  0.270711E+01
  0.147667E+04  0.299632E+01
  0.148001E+04  0.280944E+01
  0.148335E+04  0.320359E+01
  0.148669E+04  0.351224E+01
  0.149003E+04  0.327443E+01
  0.149337E+04  0.367382E+01
  0.149671E+04  0.374729E+01
  0.150005E+04  0.395788E+01
  0.150340E+04  0.381188E+01
  0.150674E+04  0.412083E+01
  0.151008E+04  0.432633E+01
  0.151342E+04  0.484209E+01
  0.151676E+04  0.465120E+01
  0.152010E+04  0.501177E+01
  0.152344E+04  0.518054E+01
  0.152678E+04  0.572115E+01
  0.153012E+04  0.542050E+01
  0.153346E+04  0.649410E+01
  0.153680E+04  0.734096E+01
  0.154015E+04  0.804299E+01
  0.154349E+04  0.793233E+01
  0.154683E+04  0.920951E+01
  0.155017E+04  0.920111E+01
  0.155351E+04  0.996590E+01
  0.155685E+04  0.945608E+01
  0.156019E+04  0.103926E+02
  0.156353E+04  0.123213E+02
  0.156687E+04  0.118694E+02
  0.157021E+04  0.143588E+02
  0.157355E+04  0.130583E+02
  0.157690E+04  0.146269E+02
  0.158024E+04  0.163165E+02
  0.158358E+04  0.191359E+02
  0.158692E+04  0.192128E+02
  0.159026E+04  0.192448E+02
  0.159360E+04  0.205107E+02
  0.159694E+04  0.211023E+02
  0.160028E+04  0.211461E+02
  0.160362E+04  0.233902E+02
  0.160696E+04  0.227339E+02
  0.161030E+04  0.237955E+02
  0.161364E+04  0.238262E+02
  0.161699E+04  0.239128E+02
  0.162033E+04  0.244572E+02
  0.162367E+04  0.249838E+02
  0.162701E+04  0.250814E+02
  0.163035E+04  0.238094E+02
  0.163369E+04  0.215626E+02
  0.163703E+04  0.221822E+02
  0.164037E+04  0.232246E+02
  0.164371E+04  0.223427E+02
  0.164705E+04  0.222450E+02
  0.165039E+04  0.209020E+02
  0.165374E+04  0.208876E+02
  0.165708E+04  0.208078E+02
  0.166042E+04  0.196745E+02
  0.166376E+04  0.182426E+02
  0.166710E+04  0.183349E+02
  0.167044E+04  0.174017E+02
  0.167378E+04  0.155261E+02
  0.167712E+04  0.163246E+02
  0.168046E+04  0.154626E+02
  0.168380E+04  0.141238E+02
  0.168714E+04  0.134958E+02
  0.169048E+04  0.124070E+02
  0.169383E+04  0.110252E+02
  0.169717E+04  0.982606E+01
  0.170051E+04  0.928311E+01
  0.170385E+04  0.759839E+01
  0.170719E+04  0.810656E+01
  0.171053E+04  0.761745E+01
  0.171387E+04  0.721750E+01
  0.171721E+04  0.629807E+01
  0.172055E+04  0.643248E+01
  0.172389E+04  0.581622E+01
  0.172723E+04  0.523610E+01
  0.173058E+04  0.539891E+01
  0.173392E+04  0.467565E+01
  0.173726E+04  0.437238E+01
  0.174060E+04  0.401227E+01
  0.174394E+04  0.391234E+01
  0.174728E+04  0.373880E+01
  0.175062E+04  0.339323E+01
  0.175396E+04  0.334400E+01
  0.175730E+04  0.312309E+01
  0.176064E+04  0.295236E+01
  0.176398E+04  0.258121E+01
  0.176733E+04  0.245628E+01
  0.177067E+04  0.245989E+01
  0.177401E+04  0.251610E+01
  0.177735E+04  0.237213E+01
  0.178069E+04  0.225763E+01
  0.178403E+04  0.195335E+01
  0.178737E+04  0.194161E+01
  0.179071E+04  0.193863E+01
  0.179405E+04  0.174395E+01
  0.179739E+04  0.185221E+01
  0.180073E+04  0.173728E+01
  0.180407E+04  0.157748E+01
  0.180742E+04  0.145690E+01
  0.181076E+04  0.138778E+01
  0.181410E+04  0.147248E+01
  0.181744E+04  0.133539E+01
  0.182078E+04  0.133108E+01
  0.182412E+04  0.126355E+01
  0.182746E+04  0.128727E+01
  0.183080E+04  0.121614E+01
  0.183414E+04  0.114007E+01
  0.183748E+04  0.111509E+01
  0.184082E+04  0.114078E+01
  0.184417E+04  0.111804E+01
  0.184751E+04  0.107717E+01
  0.185085E+04  0.102786E+01
  0.185419E+04  0.922327E+00
  0.185753E+04  0.931182E+00
  0.186087E+04  0.101010E+01
  0.186421E+04  0.924313E+00
  0.186755E+04  0.976786E+00
  0.187089E+04  0.886328E+00
  0.187423E+04  0.855049E+00
  0.187757E+04  0.856249E+00
  0.188092E+04  0.917515E+00
  0.188426E+04  0.765047E+00
  0.188760E+04  0.794064E+00
  0.189094E+04  0.816523E+00
  0.189428E+04  0.819354E+00
  0.189762E+04  0.760620E+00
  0.190096E+04  0.733550E+00
  0.190430E+04  0.738855E+00
  0.190764E+04  0.769792E+00
  0.191098E+04  0.728905E+00
  0.191432E+04  0.747136E+00
  0.191766E+04  0.713270E+00
  0.192101E+04  0.703013E+00
  0.192435E+04  0.699661E+00
  0.192769E+04  0.659890E+00
  0.193103E+04  0.683639E+00
  0.193437E+04  0.654885E+00
  0.193771E+04  0.659282E+00
  0.194105E+04  0.665810E+00
  0.194439E+04  0.738573E+00
  0.194773E+04  0.676642E+00
  0.195107E+04  0.649089E+00
  0.195441E+04  0.644545E+00
  0.195776E+04  0.684525E+00
  0.196110E+04  0.713321E+00
  0.196444E+04  0.633821E+00
  0.196778E+04  0.613733E+00
  0.197112E+04  0.622474E+00
  0.197446E+04  0.578912E+00
  0.197780E+04  0.635927E+00
  0.198114E+04  0.668987E+00
  0.198448E+04  0.631307E+00
  0.198782E+04  0.614780E+00
  0.199116E+04  0.665656E+00
  0.199451E+04  0.640710E+00
  0.199785E+04  0.681760E+00
  0.200119E+04  0.638060E+00
  0.200453E+04  0.606927E+00
  0.200787E+04  0.588904E+00
  0.201121E+04  0.596065E+00
  0.201455E+04  0.630600E+00
  0.201789E+04  0.696945E+00
  0.202123E+04  0.660063E+00
  0.202457E+04  0.632771E+00
  0.202791E+04  0.644415E+00
  0.203125E+04  0.632723E+00
  0.203460E+04  0.610298E+00
  0.203794E+04  0.648613E+00
  0.204128E+04  0.628139E+00
  0.204462E+04  0.619605E+00
  0.204796E+04  0.648024E+00
  0.205130E+04  0.665068E+00
  0.205464E+04  0.620586E+00
  0.205798E+04  0.639174E+00
  0.206132E+04  0.677930E+00
  0.206466E+04  0.701803E+00
  0.206800E+04  0.664195E+00
  0.207135E+04  0.633330E+00
  0.207469E+04  0.653408E+00
  0.207803E+04  0.625698E+00
  0.208137E+04  0.649830E+00
  0.208471E+04  0.645984E+00
  0.208805E+04  0.641887E+00
  0.209139E+04  0.666603E+00
  0.209473E+04  0.673445E+00
  0.209807E+04  0.629582E+00
  0.210141E+04  0.714784E+00
  0.210475E+04  0.652669E+00
  0.210809E+04  0.677650E+00
  0.211144E+04  0.655916E+00
  0.211478E+04  0.666276E+00
  0.211812E+04  0.670879E+00
  0.212146E+04  0.627727E+00
  0.212480E+04  0.628864E+00
  0.212814E+04  0.641564E+00
  0.213148E+04  0.692027E+00
  0.213482E+04  0.728620E+00
  0.213816E+04  0.719394E+00
  0.214150E+04  0.659467E+00
  0.214484E+04  0.689912E+00
  0.214819E+04  0.706669E+00
  0.215153E+04  0.671212E+00
  0.215487E+04  0.635916E+00
  0.215821E+04  0.638460E+00
  0.216155E+04  0.694736E+00
  0.216489E+04  0.714471E+00
  0.216823E+04  0.635490E+00
  0.217157E+04  0.686782E+00
  0.217491E+04  0.683510E+00
  0.217825E+04  0.647212E+00
  0.218159E+04  0.646138E+00
  0.218494E+04  0.713661E+00
  0.218828E+04  0.698237E+00
  0.219162E+04  0.690537E+00
  0.219496E+04  0.713395E+00
  0.219830E+04  0.668450E+00
  0.220164E+04  0.707761E+00
  0.220498E+04  0.651951E+00
  0.220832E+04  0.735749E+00
  0.221166E+04  0.656305E+00
  0.221500E+04  0.711875E+00
  0.221834E+04  0.695131E+00
  0.222168E+04  0.646212E+00
  0.222503E+04  0.688391E+00
  0.222837E+04  0.697783E+00
  0.223171E+04  0.710262E+00
  0.223505E+04  0.663497E+00
  0.223839E+04  0.684446E+00
  0.224173E+04  0.705051E+00
  0.224507E+04  0.698793E+00
  0.224841E+04  0.693142E+00
  0.225175E+04  0.682397E+00
  0.225509E+04  0.686329E+00
  0.225843E+04  0.725677E+00
  0.226178E+04  0.658608E+00
  0.226512E+04  0.703176E+00
  0.226846E+04  0.717124E+00
  0.227180E+04  0.699606E+00
  0.227514E+04  0.686341E+00
  0.227848E+04  0.653649E+00
  0.228182E+04  0.734406E+00
  0.228516E+04  0.708917E+00
  0.228850E+04  0.696446E+00
  0.229184E+04  0.711242E+00
  0.229518E+04  0.677178E+00
  0.229853E+04  0.685939E+00
  0.230187E+04  0.683417E+00
  0.230521E+04  0.690642E+00
  0.230855E+04  0.681096E+00
  0.231189E+04  0.677249E+00
  0.231523E+04  0.700927E+00
  0.231857E+04  0.620036E+00
  0.232191E+04  0.703534E+00
  0.232525E+04  0.727217E+00
  0.232859E+04  0.710021E+00
  0.233193E+04  0.677970E+00
  0.233527E+04  0.643619E+00
  0.233862E+04  0.681728E+00
  0.234196E+04  0.651869E+00
  0.234530E+04  0.622274E+00
  0.234864E+04  0.672857E+00
  0.235198E+04  0.667259E+00
  0.235532E+04  0.658031E+00
  0.235866E+04  0.628745E+00
  0.236200E+04  0.664312E+00
  0.236534E+04  0.619105E+00
  0.236868E+04  0.637308E+00
  0.237202E+04  0.618455E+00
  0.237537E+04  0.608500E+00
  0.237871E+04  0.623615E+00
  0.238205E+04  0.604177E+00
  0.238539E+04  0.622815E+00
  0.238873E+04  0.623243E+00
  0.239207E+04  0.567088E+00
  0.239541E+04  0.579202E+00
  0.239875E+04  0.543142E+00
  0.240209E+04  0.616917E+00
  0.240543E+04  0.557285E+00
  0.240877E+04  0.556455E+00
  0.241211E+04  0.565649E+00
  0.241546E+04  0.554750E+00
  0.241880E+04  0.508754E+00
  0.242214E+04  0.552233E+00
  0.242548E+04  0.530389E+00
  0.242882E+04  0.533956E+00
  0.243216E+04  0.529022E+00
  0.243550E+04  0.480830E+00
  0.243884E+04  0.499938E+00
  0.244218E+04  0.509906E+00
  0.244552E+04  0.483766E+00
  0.244886E+04  0.471375E+00
  0.245221E+04  0.460764E+00
  0.245555E+04  0.446794E+00
  0.245889E+04  0.462277E+00
  0.246223E+04  0.456342E+00
  0.246557E+04  0.458695E+00
  0.246891E+04  0.463383E+00
  0.247225E+04  0.465937E+00
  0.247559E+04  0.461022E+00
  0.247893E+04  0.446044E+00
  0.248227E+04  0.447839E+00
  0.248561E+04  0.454636E+00
  0.248896E+04  0.451014E+00
  0.249230E+04  0.415911E+00
  0.249564E+04  0.426304E+00
  0.249898E+04  0.438320E+00
  0.250232E+04  0.445937E+00
  0.250566E+04  0.419845E+00
  0.250900E+04  0.428874E+00
  0.251234E+04  0.441036E+00
  0.251568E+04  0.433712E+00
  0.251902E+04  0.423711E+00
  0.252236E+04  0.432572E+00
  0.252570E+04  0.409121E+00
  0.252905E+04  0.417687E+00
  0.253239E+04  0.417808E+00
  0.253573E+04  0.435153E+00
  0.253907E+04  0.455279E+00
  0.254241E+04  0.402052E+00
  0.254575E+04  0.442752E+00
  0.254909E+04  0.426053E+00
  0.255243E+04  0.427450E+00
  0.255577E+04  0.425150E+00
  0.255911E+04  0.442412E+00
  0.256245E+04  0.432499E+00
  0.256580E+04  0.428912E+00
  0.256914E+04  0.441104E+00
  0.257248E+04  0.449017E+00
  0.257582E+04  0.447154E+00
  0.257916E+04  0.450416E+00
  0.258250E+04  0.477450E+00
  0.258584E+04  0.483637E+00
  0.258918E+04  0.466321E+00
  0.259252E+04  0.446041E+00
  0.259586E+04  0.474237E+00
  0.259920E+04  0.489048E+00
  0.260255E+04  0.523839E+00
  0.260589E+04  0.519780E+00
  0.260923E+04  0.493648E+00
  0.261257E+04  0.528763E+00
  0.261591E+04  0.522406E+00
  0.261925E+04  0.593717E+00
  0.262259E+04  0.522449E+00
  0.262593E+04  0.565572E+00
  0.262927E+04  0.579076E+00
  0.263261E+04  0.594436E+00
  0.263595E+04  0.601951E+00
  0.263929E+04  0.604275E+00
  0.264264E+04  0.628681E+00
  0.264598E+04  0.577860E+00
  0.264932E+04  0.648634E+00
  0.265266E+04  0.661952E+00
  0.265600E+04  0.665577E+00
  0.265934E+04  0.703580E+00
  0.266268E+04  0.745288E+00
  0.266602E+04  0.761629E+00
  0.266936E+04  0.734950E+00
  0.267270E+04  0.786514E+00
  0.267604E+04  0.786750E+00
  0.267939E+04  0.916849E+00
  0.268273E+04  0.899767E+00
  0.268607E+04  0.902133E+00
  0.268941E+04  0.953667E+00
  0.269275E+04  0.925380E+00
  0.269609E+04  0.101982E+01
  0.269943E+04  0.106515E+01
  0.270277E+04  0.991788E+00
  0.270611E+04  0.988345E+00
  0.270945E+04  0.106393E+01
  0.271279E+04  0.102297E+01
  0.271613E+04  0.115285E+01
  0.271948E+04  0.121289E+01
  0.272282E+04  0.118458E+01
  0.272616E+04  0.125487E+01
  0.272950E+04  0.121624E+01
  0.273284E+04  0.131102E+01
  0.273618E+04  0.132705E+01
  0.273952E+04  0.137440E+01
  0.274286E+04  0.141917E+01
  0.274620E+04  0.143192E+01
  0.274954E+04  0.142502E+01
  0.275288E+04  0.146190E+01
  0.275623E+04  0.158181E+01
  0.275957E+04  0.166831E+01
  0.276291E+04  0.154694E+01
  0.276625E+04  0.147209E+01
  0.276959E+04  0.167795E+01
  0.277293E+04  0.162356E+01
  0.277627E+04  0.162525E+01
  0.277961E+04  0.168784E+01
  0.278295E+04  0.181140E+01
  0.278629E+04  0.180931E+01
  0.278963E+04  0.170960E+01
  0.279298E+04  0.176438E+01
  0.279632E+04  0.185259E+01
  0.279966E+04  0.192268E+01
  0.280300E+04  0.199686E+01
  0.280634E+04  0.183404E+01
  0.280968E+04  0.190117E+01
  0.281302E+04  0.187106E+01
  0.281636E+04  0.189644E+01
  0.281970E+04  0.189557E+01
  0.282304E+04  0.199043E+01
  0.282638E+04  0.180448E+01
  0.282972E+04  0.199055E+01
  0.283307E+04  0.192509E+01
  0.283641E+04  0.178652E+01
  0.283975E+04  0.181303E+01
  0.284309E+04  0.174505E+01
  0.284643E+04  0.205497E+01
  0.284977E+04  0.208677E+01
  0.285311E+04  0.210214E+01
  0.285645E+04  0.183402E+01
  0.285979E+04  0.189507E+01
  0.286313E+04  0.197492E+01
  0.286647E+04  0.201675E+01
  0.286982E+04  0.194500E+01
  0.287316E+04  0.196157E+01
  0.287650E+04  0.217662E+01
  0.287984E+04  0.202551E+01
  0.288318E+04  0.188549E+01
  0.288652E+04  0.197174E+01
  0.288986E+04  0.207721E+01
  0.289320E+04  0.192515E+01
  0.289654E+04  0.194583E+01
  0.289988E+04  0.203557E+01
  0.290322E+04  0.200819E+01
  0.290657E+04  0.193164E+01
  0.290991E+04  0.194432E+01
  0.291325E+04  0.206221E+01
  0.291659E+04  0.190828E+01
  0.291993E+04  0.198066E+01
  0.292327E+04  0.191796E+01
  0.292661E+04  0.183467E+01
  0.292995E+04  0.196919E+01
  0.293329E+04  0.194314E+01
  0.293663E+04  0.198086E+01
  0.293997E+04  0.187253E+01
  0.294331E+04  0.177301E+01
  0.294666E+04  0.182110E+01
  0.295000E+04  0.188898E+01
  0.295334E+04  0.180580E+01
  0.295668E+04  0.176182E+01
  0.296002E+04  0.190196E+01
  0.296336E+04  0.183282E+01
  0.296670E+04  0.181559E+01
  0.297004E+04  0.184240E+01
  0.297338E+04  0.192311E+01
  0.297672E+04  0.170124E+01
  0.298006E+04  0.171844E+01
  0.298341E+04  0.196100E+01
  0.298675E+04  0.179270E+01
  0.299009E+04  0.180612E+01
  0.299343E+04  0.181548E+01
  0.299677E+04  0.181734E+01
  0.300011E+04  0.168587E+01
  0.300345E+04  0.190737E+01
  0.300679E+04  0.168816E+01
  0.301013E+04  0.171957E+01
  0.301347E+04  0.168364E+01
  0.301681E+04  0.170269E+01
  0.302015E+04  0.171084E+01
  0.302350E+04  0.168114E+01
  0.302684E+04  0.173086E+01
  0.303018E+04  0.165398E+01
  0.303352E+04  0.160933E+01
  0.303686E+04  0.168525E+01
  0.304020E+04  0.160253E+01
  0.304354E+04  0.176994E+01
  0.304688E+04  0.165164E+01
  0.305022E+04  0.164518E+01
  0.305356E+04  0.153987E+01
  0.305690E+04  0.152940E+01
  0.306025E+04  0.152084E+01
  0.306359E+04  0.165541E+01
  0.306693E+04  0.169401E+01
  0.307027E+04  0.163365E+01
  0.307361E+04  0.159571E+01
  0.307695E+04  0.147833E+01
  0.308029E+04  0.157934E+01
  0.308363E+04  0.155164E+01
  0.308697E+04  0.143939E+01
  0.309031E+04  0.146070E+01
  0.309365E+04  0.152197E+01
  0.309700E+04  0.156163E+01
  0.310034E+04  0.152857E+01
  0.310368E+04  0.146940E+01
  0.310702E+04  0.158022E+01
  0.311036E+04  0.150544E+01
  0.311370E+04  0.157960E+01
  0.311704E+04  0.146216E+01
  0.312038E+04  0.147056E+01
  0.312372E+04  0.151490E+01
  0.312706E+04  0.151121E+01
  0.313040E+04  0.164180E+01
  0.313374E+04  0.143645E+01
  0.313709E+04  0.151060E+01
  0.314043E+04  0.146504E+01
  0.314377E+04  0.148107E+01
  0.314711E+04  0.147440E+01
  0.315045E+04  0.148190E+01
  0.315379E+04  0.153381E+01
  0.315713E+04  0.149647E+01
  0.316047E+04  0.152880E+01
  0.316381E+04  0.144058E+01
  0.316715E+04  0.149689E+01
  0.317049E+04  0.150233E+01
  0.317384E+04  0.139647E+01
  0.317718E+04  0.140611E+01
  0.318052E+04  0.145810E+01
  0.318386E+04  0.155627E+01
  0.318720E+04  0.156378E+01
  0.319054E+04  0.152452E+01
  0.319388E+04  0.156926E+01
  0.319722E+04  0.154421E+01
  0.320056E+04  0.158683E+01
  0.320390E+04  0.153637E+01
  0.320724E+04  0.158029E+01
  0.321059E+04  0.156773E+01
  0.321393E+04  0.168306E+01
  0.321727E+04  0.161401E+01
  0.322061E+04  0.159353E+01
  0.322395E+04  0.172197E+01
  0.322729E+04  0.169542E+01
  0.323063E+04  0.178179E+01
  0.323397E+04  0.181205E+01
  0.323731E+04  0.176262E+01
  0.324065E+04  0.185551E+01
  0.324399E+04  0.197375E+01
  0.324733E+04  0.187721E+01
  0.325068E+04  0.185071E+01
  0.325402E+04  0.194603E+01
  0.325736E+04  0.197239E+01
  0.326070E+04  0.202695E+01
  0.326404E+04  0.222096E+01
  0.326738E+04  0.210176E+01
  0.327072E+04  0.211164E+01
  0.327406E+04  0.212377E+01
  0.327740E+04  0.225452E+01
  0.328074E+04  0.232930E+01
  0.328408E+04  0.252503E+01
  0.328743E+04  0.249782E+01
  0.329077E+04  0.260391E+01
  0.329411E+04  0.259864E+01
  0.329745E+04  0.272627E+01
  0.330079E+04  0.275282E+01
  0.330413E+04  0.273690E+01
  0.330747E+04  0.298535E+01
  0.331081E+04  0.328577E+01
  0.331415E+04  0.333917E+01
  0.331749E+04  0.329783E+01
  0.332083E+04  0.370472E+01
  0.332418E+04  0.390165E+01
  0.332752E+04  0.433433E+01
  0.333086E+04  0.392840E+01
  0.333420E+04  0.417707E+01
  0.333754E+04  0.426371E+01
  0.334088E+04  0.507733E+01
  0.334422E+04  0.509684E+01
  0.334756E+04  0.507927E+01
  0.335090E+04  0.540718E+01
  0.335424E+04  0.552881E+01
  0.335758E+04  0.573337E+01
  0.336092E+04  0.593018E+01
  0.336427E+04  0.669517E+01
  0.336761E+04  0.682154E+01
  0.337095E+04  0.650743E+01
  0.337429E+04  0.782647E+01
  0.337763E+04  0.735403E+01
  0.338097E+04  0.781813E+01
  0.338431E+04  0.812005E+01
  0.338765E+04  0.847615E+01
  0.339099E+04  0.937085E+01
  0.339433E+04  0.950902E+01
  0.339767E+04  0.996910E+01
  0.340102E+04  0.996974E+01
  0.340436E+04  0.988304E+01
  0.340770E+04  0.999139E+01
  0.341104E+04  0.952747E+01
  0.341438E+04  0.106558E+02
  0.341772E+04  0.107529E+02
  0.342106E+04  0.113469E+02
  0.342440E+04  0.109081E+02
  0.342774E+04  0.119653E+02
  0.343108E+04  0.117549E+02
  0.343442E+04  0.121110E+02
  0.343776E+04  0.121285E+02
  0.344111E+04  0.120387E+02
  0.344445E+04  0.130894E+02
  0.344779E+04  0.120656E+02
  0.345113E+04  0.127596E+02
  0.345447E+04  0.134216E+02
  0.345781E+04  0.140678E+02
  0.346115E+04  0.142247E+02
  0.346449E+04  0.140766E+02
  0.346783E+04  0.132740E+02
  0.347117E+04  0.145010E+02
  0.347451E+04  0.153513E+02
  0.347786E+04  0.158962E+02
  0.348120E+04  0.172638E+02
  0.348454E+04  0.150415E+02
  0.348788E+04  0.153834E+02
  0.349122E+04  0.167882E+02
  0.349456E+04  0.168768E+02
  0.349790E+04  0.171438E+02
  0.350124E+04  0.191075E+02
  0.350458E+04  0.180844E+02
  0.350792E+04  0.185172E+02
  0.351126E+04  0.193631E+02
  0.351461E+04  0.201529E+02
  0.351795E+04  0.184854E+02
  0.352129E+04  0.216274E+02
  0.352463E+04  0.194442E+02
  0.352797E+04  0.182426E+02
  0.353131E+04  0.201912E+02
  0.353465E+04  0.212216E+02
  0.353799E+04  0.213319E+02
  0.354133E+04  0.191586E+02
  0.354467E+04  0.191570E+02
  0.354801E+04  0.188439E+02
  0.355135E+04  0.196506E+02
  0.355470E+04  0.203206E+02
  0.355804E+04  0.193797E+02
  0.356138E+04  0.200202E+02
  0.356472E+04  0.185885E+02
  0.356806E+04  0.184722E+02
  0.357140E+04  0.184365E+02
  0.357474E+04  0.183078E+02
  0.357808E+04  0.172430E+02
  0.358142E+04  0.169116E+02
  0.358476E+04  0.177499E+02
  0.358810E+04  0.181381E+02
  0.359145E+04  0.191056E+02
  0.359479E+04  0.173947E+02
  0.359813E+04  0.149441E+02
  0.360147E+04  0.166873E+02
  0.360481E+04  0.160335E+02
  0.360815E+04  0.147379E+02
  0.361149E+04  0.150829E+02
  0.361483E+04  0.153138E+02
  0.361817E+04  0.151168E+02
  0.362151E+04  0.153051E+02
  0.362485E+04  0.154736E+02
  0.362820E+04  0.152789E+02
  0.363154E+04  0.153842E+02
  0.363488E+04  0.159422E+02
  0.363822E+04  0.154012E+02
  0.364156E+04  0.166056E+02
  0.364490E+04  0.169719E+02
  0.364824E+04  0.171087E+02
  0.365158E+04  0.179229E+02
  0.365492E+04  0.168648E+02
  0.365826E+04  0.175855E+02
  0.366160E+04  0.164551E+02
  0.366494E+04  0.168736E+02
  0.366829E+04  0.164980E+02
  0.367163E+04  0.187144E+02
  0.367497E+04  0.181300E+02
  0.367831E+04  0.176667E+02
  0.368165E+04  0.178472E+02
  0.368499E+04  0.183680E+02
  0.368833E+04  0.166834E+02
  0.369167E+04  0.170772E+02
  0.369501E+04  0.156628E+02
  0.369835E+04  0.162202E+02
  0.370169E+04  0.160519E+02
  0.370504E+04  0.146172E+02
  0.370838E+04  0.140072E+02
  0.371172E+04  0.147620E+02
  0.371506E+04  0.141208E+02
  0.371840E+04  0.133995E+02
  0.372174E+04  0.129404E+02
  0.372508E+04  0.122887E+02
  0.372842E+04  0.110831E+02
  0.373176E+04  0.100863E+02
  0.373510E+04  0.911367E+01
  0.373844E+04  0.983773E+01
  0.374178E+04  0.101234E+02
  0.374513E+04  0.924355E+01
  0.374847E+04  0.803926E+01
  0.375181E+04  0.784573E+01
  0.375515E+04  0.676557E+01
  0.375849E+04  0.680624E+01
  0.376183E+04  0.648164E+01
  0.376517E+04  0.621587E+01
  0.376851E+04  0.540625E+01
  0.377185E+04  0.515598E+01
  0.377519E+04  0.446899E+01
  0.377853E+04  0.419060E+01
  0.378188E+04  0.406586E+01
  0.378522E+04  0.370263E+01
  0.378856E+04  0.352293E+01
  0.379190E+04  0.308862E+01
  0.379524E+04  0.294238E+01
  0.379858E+04  0.275523E+01
  0.380192E+04  0.257672E+01
  0.380526E+04  0.257241E+01
  0.380860E+04  0.232376E+01
  0.381194E+04  0.211341E+01
  0.381528E+04  0.174086E+01
  0.381863E+04  0.177907E+01
  0.382197E+04  0.168468E+01
  0.382531E+04  0.166840E+01
  0.382865E+04  0.150382E+01
  0.383199E+04  0.151142E+01
  0.383533E+04  0.137678E+01
  0.383867E+04  0.126893E+01
  0.384201E+04  0.126378E+01
  0.384535E+04  0.120421E+01
  0.384869E+04  0.101045E+01
  0.385203E+04  0.107609E+01
  0.385537E+04  0.106043E+01
  0.385872E+04  0.972269E+00
  0.386206E+04  0.898430E+00
  0.386540E+04  0.883216E+00
  0.386874E+04  0.912751E+00
  0.387208E+04  0.927722E+00
  0.387542E+04  0.845325E+00
  0.387876E+04  0.764849E+00
  0.388210E+04  0.843319E+00
  0.388544E+04  0.781276E+00
  0.388878E+04  0.751986E+00
  0.389212E+04  0.716129E+00
  0.389547E+04  0.730577E+00
  0.389881E+04  0.716751E+00
  0.390215E+04  0.747069E+00
  0.390549E+04  0.675747E+00
  0.390883E+04  0.641433E+00
  0.391217E+04  0.652358E+00
  0.391551E+04  0.631987E+00
  0.391885E+04  0.682778E+00
  0.392219E+04  0.665528E+00
  0.392553E+04  0.681490E+00
  0.392887E+04  0.651703E+00
  0.393222E+04  0.613761E+00
  0.393556E+04  0.638323E+00
  0.393890E+04  0.610840E+00
  0.394224E+04  0.629406E+00
  0.394558E+04  0.580403E+00
  0.394892E+04  0.606083E+00
  0.395226E+04  0.597838E+00
  0.395560E+04  0.586667E+00
  0.395894E+04  0.610119E+00
  0.396228E+04  0.581715E+00
  0.396562E+04  0.621314E+00
  0.396896E+04  0.570624E+00
  0.397231E+04  0.619865E+00
  0.397565E+04  0.568187E+00
  0.397899E+04  0.584418E+00
  0.398233E+04  0.583295E+00
  0.398567E+04  0.622378E+00
  0.398901E+04  0.592159E+00
  0.399235E+04  0.605286E+00
  0.399569E+04  0.571974E+00
  0.399903E+04  0.578791E+00
  0.400237E+04  0.597439E+00
  0.400571E+04  0.584695E+00
  0.400906E+04  0.574035E+00
  0.401240E+04  0.646989E+00
  0.401574E+04  0.609657E+00
  0.401908E+04  0.559900E+00
  0.402242E+04  0.595017E+00
  0.402576E+04  0.565758E+00
  0.402910E+04  0.575526E+00
  0.403244E+04  0.589451E+00
  0.403578E+04  0.563664E+00
  0.403912E+04  0.565865E+00
  0.404246E+04  0.587480E+00
  0.404580E+04  0.609500E+00
  0.404915E+04  0.621178E+00
  0.405249E+04  0.578680E+00
  0.405583E+04  0.541646E+00
  0.405917E+04  0.579444E+00
  0.406251E+04  0.544123E+00
  0.406585E+04  0.577777E+00
  0.406919E+04  0.568575E+00
  0.407253E+04  0.581117E+00
  0.407587E+04  0.585597E+00
  0.407921E+04  0.563416E+00
  0.408255E+04  0.554551E+00
  0.408590E+04  0.576343E+00
  0.408924E+04  0.502108E+00
  0.409258E+04  0.550843E+00
  0.409592E+04  0.566438E+00
  0.409926E+04  0.586995E+00
  0.410260E+04  0.543490E+00
  0.410594E+04  0.545577E+00
  0.410928E+04  0.527037E+00
  0.411262E+04  0.550339E+00
  0.411596E+04  0.534675E+00
  0.411930E+04  0.541040E+00
  0.412265E+04  0.501792E+00
  0.412599E+04  0.510607E+00
  0.412933E+04  0.498192E+00
  0.413267E+04  0.533436E+00
  0.413601E+04  0.498052E+00
  0.413935E+04  0.520293E+00
  0.414269E+04  0.484907E+00
  0.414603E+04  0.492687E+00
  0.414937E+04  0.451178E+00
  0.415271E+04  0.527516E+00
  0.415605E+04  0.519943E+00
  0.415939E+04  0.495450E+00
  0.416274E+04  0.474644E+00
  0.416608E+04  0.485394E+00
  0.416942E+04  0.468606E+00
  0.417276E+04  0.439857E+00
  0.417610E+04  0.429625E+00
  0.417944E+04  0.470930E+00
  0.418278E+04  0.435299E+00
  0.418612E+04  0.436569E+00
  0.418946E+04  0.424549E+00
  0.419280E+04  0.440766E+00
  0.419614E+04  0.427485E+00
  0.419949E+04  0.396040E+00
  0.420283E+04  0.394700E+00
  0.420617E+04  0.382985E+00
  0.420951E+04  0.384597E+00
  0.421285E+04  0.386264E+00
  0.421619E+04  0.390561E+00
  0.421953E+04  0.390010E+00
  0.422287E+04  0.416642E+00
  0.422621E+04  0.374824E+00
  0.422955E+04  0.355936E+00
  0.423289E+04  0.365023E+00
  0.423624E+04  0.350033E+00
  0.423958E+04  0.340938E+00
  0.424292E+04  0.352439E+00
  0.424626E+04  0.354570E+00
  0.424960E+04  0.330460E+00
  0.425294E+04  0.337380E+00
  0.425628E+04  0.326923E+00
  0.425962E+04  0.340312E+00
  0.426296E+04  0.321243E+00
  0.426630E+04  0.338197E+00
  0.426964E+04  0.320239E+00
  0.427298E+04  0.322752E+00
  0.427633E+04  0.309584E+00
  0.427967E+04  0.325290E+00
  0.428301E+04  0.310937E+00
  0.428635E+04  0.297081E+00
  0.428969E+04  0.291921E+00
  0.429303E+04  0.306373E+00
  0.429637E+04  0.303134E+00
  0.429971E+04  0.302951E+00
  0.430305E+04  0.296236E+00
  0.430639E+04  0.285876E+00
  0.430973E+04  0.286094E+00
  0.431308E+04  0.274411E+00
  0.431642E+04  0.277244E+00
  0.431976E+04  0.274187E+00
  0.432310E+04  0.277621E+00
  0.432644E+04  0.273325E+00
  0.432978E+04  0.280026E+00
  0.433312E+04  0.274293E+00
  0.433646E+04  0.274368E+00
  0.433980E+04  0.275366E+00
  0.434314E+04  0.265522E+00
  0.434648E+04  0.255443E+00
  0.434982E+04  0.260166E+00
  0.435317E+04  0.246449E+00
  0.435651E+04  0.259129E+00
  0.435985E+04  0.258881E+00
  0.436319E+04  0.263342E+00
  0.436653E+04  0.256017E+00
  0.436987E+04  0.252766E+00
  0.437321E+04  0.245437E+00
  0.437655E+04  0.258608E+00
  0.437989E+04  0.252783E+00
  0.438323E+04  0.251046E+00
  0.438657E+04  0.246411E+00
  0.438992E+04  0.230434E+00
  0.439326E+04  0.236821E+00
  0.439660E+04  0.237084E+00
  0.439994E+04  0.248525E+00
  0.440328E+04  0.235412E+00
  0.440662E+04  0.240690E+00
  0.440996E+04  0.239725E+00
  0.441330E+04  0.238920E+00
  0.441664E+04  0.232538E+00
  0.441998E+04  0.240409E+00
  0.442332E+04  0.236022E+00
  0.442667E+04  0.225027E+00
  0.443001E+04  0.227787E+00
  0.443335E+04  0.231610E+00
  0.443669E+04  0.219829E+00
  0.444003E+04  0.219523E+00
  0.444337E+04  0.223076E+00
  0.444671E+04  0.229113E+00
  0.445005E+04  0.219952E+00
  0.445339E+04  0.225223E+00
  0.445673E+04  0.215541E+00
  0.446007E+04  0.212123E+00
  0.446341E+04  0.221772E+00
  0.446676E+04  0.208306E+00
  0.447010E+04  0.218773E+00
  0.447344E+04  0.210167E+00
  0.447678E+04  0.214241E+00
  0.448012E+04  0.216908E+00
  0.448346E+04  0.208915E+00
  0.448680E+04  0.211171E+00
  0.449014E+04  0.208086E+00
  0.449348E+04  0.215818E+00
  0.449682E+04  0.216022E+00
  0.450016E+04  0.209660E+00
  0.450351E+04  0.213126E+00
  0.450685E+04  0.204886E+00
  0.451019E+04  0.214474E+00
  0.451353E+04  0.201529E+00
  0.451687E+04  0.208104E+00
  0.452021E+04  0.203893E+00
  0.452355E+04  0.214182E+00
  0.452689E+04  0.210004E+00
  0.453023E+04  0.212052E+00
  0.453357E+04  0.206098E+00
  0.453691E+04  0.207305E+00
  0.454026E+04  0.208171E+00
  0.454360E+04  0.204664E+00
  0.454694E+04  0.200895E+00
  0.455028E+04  0.201040E+00
  0.455362E+04  0.201390E+00
  0.455696E+04  0.211526E+00
  0.456030E+04  0.204861E+00
  0.456364E+04  0.206416E+00
  0.456698E+04  0.200757E+00
  0.457032E+04  0.199587E+00
  0.457366E+04  0.206342E+00
  0.457700E+04  0.206785E+00
  0.458035E+04  0.199249E+00
  0.458369E+04  0.197669E+00
  0.458703E+04  0.197635E+00
  0.459037E+04  0.199358E+00
  0.459371E+04  0.202102E+00
  0.459705E+04  0.200041E+00
  0.460039E+04  0.200422E+00
  0.460373E+04  0.202414E+00
  0.460707E+04  0.200003E+00
  0.461041E+04  0.198700E+00
  0.461375E+04  0.197950E+00
  0.461710E+04  0.202669E+00
  0.462044E+04  0.201801E+00
  0.462378E+04  0.203031E+00
  0.462712E+04  0.202110E+00
  0.463046E+04  0.202663E+00
  0.463380E+04  0.196213E+00
  0.463714E+04  0.200016E+00
  0.464048E+04  0.200369E+00
  0.464382E+04  0.196217E+00
  0.464716E+04  0.199508E+00
  0.465050E+04  0.197932E+00
  0.465385E+04  0.201174E+00
  0.465719E+04  0.201387E+00
  0.466053E+04  0.200562E+00
  0.466387E+04  0.196306E+00
  0.466721E+04  0.196666E+00
  0.467055E+04  0.200920E+00
  0.467389E+04  0.202336E+00
  0.467723E+04  0.202434E+00
  0.468057E+04  0.199336E+00
  0.468391E+04  0.203438E+00
  0.468725E+04  0.202756E+00
  0.469059E+04  0.196699E+00
  0.469394E+04  0.201800E+00
  0.469728E+04  0.198956E+00
  0.470062E+04  0.197810E+00
  0.470396E+04  0.198088E+00
  0.470730E+04  0.201833E+00
  0.471064E+04  0.204257E+00
  0.471398E+04  0.196835E+00
  0.471732E+04  0.199540E+00
  0.472066E+04  0.203191E+00
  0.472400E+04  0.193159E+00
  0.472734E+04  0.200636E+00
  0.473069E+04  0.197494E+00
  0.473403E+04  0.198589E+00
  0.473737E+04  0.197560E+00
  0.474071E+04  0.203116E+00
  0.474405E+04  0.202536E+00
  0.474739E+04  0.198768E+00
  0.475073E+04  0.199078E+00
  0.475407E+04  0.198457E+00
  0.475741E+04  0.200288E+00
  0.476075E+04  0.199398E+00
  0.476409E+04  0.198070E+00
  0.476743E+04  0.200148E+00
  0.477078E+04  0.205355E+00
  0.477412E+04  0.198127E+00
  0.477746E+04  0.199043E+00
  0.478080E+04  0.201679E+00
  0.478414E+04  0.201113E+00
  0.478748E+04  0.201716E+00
  0.479082E+04  0.198849E+00
  0.479416E+04  0.200002E+00
  0.479750E+04  0.201888E+00
  0.480084E+04  0.199708E+00
  0.480418E+04  0.201658E+00
  0.480753E+04  0.201257E+00
  0.481087E+04  0.195919E+00
  0.481421E+04  0.201178E+00
  0.481755E+04  0.204350E+00
  0.482089E+04  0.204595E+00
  0.482423E+04  0.199185E+00
  0.482757E+04  0.201454E+00
  0.483091E+04  0.201813E+00
  0.483425E+04  0.200615E+00
  0.483759E+04  0.203053E+00
  0.484093E+04  0.204485E+00
  0.484428E+04  0.199962E+00
  0.484762E+04  0.197431E+00
  0.485096E+04  0.201293E+00
  0.485430E+04  0.200310E+00
  0.485764E+04  0.202238E+00
  0.486098E+04  0.200682E+00
  0.486432E+04  0.207464E+00
  0.486766E+04  0.205175E+00
  0.487100E+04  0.202066E+00
  0.487434E+04  0.205376E+00
  0.487768E+04  0.206561E+00
  0.488102E+04  0.206283E+00
  0.488437E+04  0.197976E+00
  0.488771E+04  0.206584E+00
  0.489105E+04  0.205135E+00
  0.489439E+04  0.200944E+00
  0.489773E+04  0.202918E+00
  0.490107E+04  0.210493E+00
  0.490441E+04  0.206215E+00
  0.490775E+04  0.203626E+00
  0.491109E+04  0.207168E+00
  0.491443E+04  0.205941E+00
  0.491777E+04  0.214482E+00
  0.492112E+04  0.208977E+00
  0.492446E+04  0.205009E+00
  0.492780E+04  0.210971E+00
  0.493114E+04  0.213074E+00
  0.493448E+04  0.203510E+00
  0.493782E+04  0.211461E+00
  0.494116E+04  0.210823E+00
  0.494450E+04  0.210419E+00
  0.494784E+04  0.212556E+00
  0.495118E+04  0.214471E+00
  0.495452E+04  0.211846E+00
  0.495787E+04  0.216086E+00
  0.496121E+04  0.217276E+00
  0.496455E+04  0.216588E+00
  0.496789E+04  0.216190E+00
  0.497123E+04  0.219005E+00
  0.497457E+04  0.214546E+00
  0.497791E+04  0.212302E+00
  0.498125E+04  0.219314E+00
  0.498459E+04  0.216971E+00
  0.498793E+04  0.225923E+00
  0.499127E+04  0.220429E+00
  0.499461E+04  0.227459E+00
  0.499796E+04  0.225733E+00
  0.500130E+04  0.226732E+00
  0.500464E+04  0.225918E+00
