  0.000000E+00  0.000000E+00
  0.334088E+01  0.379678E+00
  0.668176E+01  0.501561E+00
  0.100226E+02  0.527301E+00
  0.133635E+02  0.586242E+00
  0.167044E+02  0.668277E+00
  0.200453E+02  0.751487E+00
  0.233862E+02  0.824373E+00
  0.267270E+02  0.886372E+00
  0.300679E+02  0.103221E+01
  0.334088E+02  0.929687E+00
  0.367497E+02  0.978459E+00
  0.400906E+02  0.111480E+01
  0.434314E+02  0.128105E+01
  0.467723E+02  0.115159E+01
  0.501132E+02  0.124565E+01
  0.534541E+02  0.130901E+01
  0.567949E+02  0.123932E+01
  0.601358E+02  0.125952E+01
  0.634767E+02  0.129413E+01
  0.668176E+02  0.122386E+01
  0.701585E+02  0.122991E+01
  0.734993E+02  0.115724E+01
  0.768402E+02  0.117809E+01
  0.801811E+02  0.106933E+01
  0.835220E+02  0.117547E+01
  0.868629E+02  0.118796E+01
  0.902037E+02  0.119229E+01
  0.935446E+02  0.112661E+01
  0.968855E+02  0.115843E+01
  0.100226E+03  0.112851E+01
  0.103567E+03  0.116543E+01
  0.106908E+03  0.114458E+01
  0.110249E+03  0.115096E+01
  0.113590E+03  0.122789E+01
  0.116931E+03  0.114552E+01
  0.120272E+03  0.130975E+01
  0.123613E+03  0.121056E+01
  0.126953E+03  0.118384E+01
  0.130294E+03  0.123849E+01
  0.133635E+03  0.138302E+01
  0.136976E+03  0.138452E+01
  0.140317E+03  0.132217E+01
  0.143658E+03  0.156221E+01
  0.146999E+03  0.135063E+01
  0.150340E+03  0.141452E+01
  0.153680E+03  0.143526E+01
  0.157021E+03  0.145349E+01
  0.160362E+03  0.154904E+01
  0.163703E+03  0.167355E+01
  0.167044E+03  0.156788E+01
  0.170385E+03  0.175348E+01
  0.173726E+03  0.182543E+01
  0.177067E+03  0.182133E+01
  0.180407E+03  0.169370E+01
  0.183748E+03  0.168947E+01
  0.187089E+03  0.185844E+01
  0.190430E+03  0.177937E+01
  0.193771E+03  0.175783E+01
  0.197112E+03  0.197866E+01
  0.200453E+03  0.199564E+01
  0.203794E+03  0.214146E+01
  0.207135E+03  0.209873E+01
  0.210475E+03  0.206239E+01
  0.213816E+03  0.223247E+01
  0.217157E+03  0.215468E+01
  0.220498E+03  0.251617E+01
  0.223839E+03  0.227210E+01
  0.227180E+03  0.260510E+01
  0.230521E+03  0.242999E+01
  0.233862E+03  0.247862E+01
  0.237202E+03  0.270627E+01
  0.240543E+03  0.272018E+01
  0.243884E+03  0.258619E+01
  0.247225E+03  0.297618E+01
  0.250566E+03  0.297166E+01
  0.253907E+03  0.275258E+01
  0.257248E+03  0.308353E+01
  0.260589E+03  0.289842E+01
  0.263929E+03  0.310460E+01
  0.267270E+03  0.308394E+01
  0.270611E+03  0.330230E+01
  0.273952E+03  0.370009E+01
  0.277293E+03  0.356182E+01
  0.280634E+03  0.334359E+01
  0.283975E+03  0.362192E+01
  0.287316E+03  0.368360E+01
  0.290657E+03  0.375431E+01
  0.293997E+03  0.375677E+01
  0.297338E+03  0.384899E+01
  0.300679E+03  0.378373E+01
  0.304020E+03  0.483057E+01
  0.307361E+03  0.443331E+01
  0.310702E+03  0.425731E+01
  0.314043E+03  0.433831E+01
  0.317384E+03  0.469771E+01
  0.320724E+03  0.532918E+01
  0.324065E+03  0.454429E+01
  0.327406E+03  0.499572E+01
  0.330747E+03  0.491035E+01
  0.334088E+03  0.532903E+01
  0.337429E+03  0.554897E+01
  0.340770E+03  0.574997E+01
  0.344111E+03  0.558682E+01
  0.347451E+03  0.587330E+01
  0.350792E+03  0.646768E+01
  0.354133E+03  0.635758E+01
  0.357474E+03  0.625555E+01
  0.360815E+03  0.661791E+01
  0.364156E+03  0.670351E+01
  0.367497E+03  0.708948E+01
  0.370838E+03  0.777465E+01
  0.374178E+03  0.782526E+01
  0.377519E+03  0.791513E+01
  0.380860E+03  0.849771E+01
  0.384201E+03  0.820845E+01
  0.387542E+03  0.851369E+01
  0.390883E+03  0.806953E+01
  0.394224E+03  0.100867E+02
  0.397565E+03  0.909964E+01
  0.400906E+03  0.938250E+01
  0.404246E+03  0.912036E+01
  0.407587E+03  0.952523E+01
  0.410928E+03  0.102171E+02
  0.414269E+03  0.110508E+02
  0.417610E+03  0.100448E+02
  0.420951E+03  0.108972E+02
  0.424292E+03  0.111089E+02
  0.427633E+03  0.109550E+02
  0.430973E+03  0.114837E+02
  0.434314E+03  0.110160E+02
  0.437655E+03  0.114749E+02
  0.440996E+03  0.127243E+02
  0.444337E+03  0.129251E+02
  0.447678E+03  0.129529E+02
  0.451019E+03  0.132785E+02
  0.454360E+03  0.136509E+02
  0.457700E+03  0.138302E+02
  0.461041E+03  0.137022E+02
  0.464382E+03  0.134041E+02
  0.467723E+03  0.132296E+02
  0.471064E+03  0.152229E+02
  0.474405E+03  0.143538E+02
  0.477746E+03  0.147579E+02
  0.481087E+03  0.149549E+02
  0.484428E+03  0.147083E+02
  0.487768E+03  0.147439E+02
  0.491109E+03  0.163277E+02
  0.494450E+03  0.164137E+02
  0.497791E+03  0.159982E+02
  0.501132E+03  0.160591E+02
  0.504473E+03  0.139869E+02
  0.507814E+03  0.156844E+02
  0.511155E+03  0.168695E+02
  0.514495E+03  0.156071E+02
  0.517836E+03  0.154784E+02
  0.521177E+03  0.161273E+02
  0.524518E+03  0.172854E+02
  0.527859E+03  0.157751E+02
  0.531200E+03  0.170196E+02
  0.534541E+03  0.177850E+02
  0.537882E+03  0.177863E+02
  0.541222E+03  0.154971E+02
  0.544563E+03  0.158193E+02
  0.547904E+03  0.162595E+02
  0.551245E+03  0.156994E+02
  0.554586E+03  0.165059E+02
  0.557927E+03  0.158200E+02
  0.561268E+03  0.170894E+02
  0.564609E+03  0.159714E+02
  0.567949E+03  0.164061E+02
  0.571290E+03  0.169101E+02
  0.574631E+03  0.166087E+02
  0.577972E+03  0.145378E+02
  0.581313E+03  0.166020E+02
  0.584654E+03  0.156718E+02
  0.587995E+03  0.162551E+02
  0.591336E+03  0.174144E+02
  0.594677E+03  0.162755E+02
  0.598017E+03  0.164065E+02
  0.601358E+03  0.157862E+02
  0.604699E+03  0.160019E+02
  0.608040E+03  0.165488E+02
  0.611381E+03  0.162333E+02
  0.614722E+03  0.150255E+02
  0.618063E+03  0.153282E+02
  0.621404E+03  0.169643E+02
  0.624744E+03  0.160791E+02
  0.628085E+03  0.160462E+02
  0.631426E+03  0.159804E+02
  0.634767E+03  0.163598E+02
  0.638108E+03  0.142226E+02
  0.641449E+03  0.149804E+02
  0.644790E+03  0.146880E+02
  0.648131E+03  0.148891E+02
  0.651471E+03  0.156006E+02
  0.654812E+03  0.152109E+02
  0.658153E+03  0.134254E+02
  0.661494E+03  0.147438E+02
  0.664835E+03  0.147931E+02
  0.668176E+03  0.137449E+02
  0.671517E+03  0.138642E+02
  0.674858E+03  0.149908E+02
  0.678199E+03  0.146402E+02
  0.681539E+03  0.147169E+02
  0.684880E+03  0.145819E+02
  0.688221E+03  0.142943E+02
  0.691562E+03  0.159913E+02
  0.694903E+03  0.141465E+02
  0.698244E+03  0.140483E+02
  0.701585E+03  0.148297E+02
  0.704926E+03  0.147498E+02
  0.708266E+03  0.137644E+02
  0.711607E+03  0.138234E+02
  0.714948E+03  0.151665E+02
  0.718289E+03  0.150173E+02
  0.721630E+03  0.131673E+02
  0.724971E+03  0.137005E+02
  0.728312E+03  0.132637E+02
  0.731653E+03  0.137411E+02
  0.734993E+03  0.140833E+02
  0.738334E+03  0.133581E+02
  0.741675E+03  0.138364E+02
  0.745016E+03  0.133807E+02
  0.748357E+03  0.138953E+02
  0.751698E+03  0.140771E+02
  0.755039E+03  0.142771E+02
  0.758380E+03  0.140219E+02
  0.761721E+03  0.126747E+02
  0.765061E+03  0.132095E+02
  0.768402E+03  0.130638E+02
  0.771743E+03  0.134724E+02
  0.775084E+03  0.125463E+02
  0.778425E+03  0.124838E+02
  0.781766E+03  0.126645E+02
  0.785107E+03  0.133325E+02
  0.788448E+03  0.138065E+02
  0.791788E+03  0.135169E+02
  0.795129E+03  0.131993E+02
  0.798470E+03  0.137938E+02
  0.801811E+03  0.126254E+02
  0.805152E+03  0.119717E+02
  0.808493E+03  0.120912E+02
  0.811834E+03  0.135688E+02
  0.815175E+03  0.138451E+02
  0.818515E+03  0.133844E+02
  0.821856E+03  0.117703E+02
  0.825197E+03  0.113210E+02
  0.828538E+03  0.130874E+02
  0.831879E+03  0.134751E+02
  0.835220E+03  0.121435E+02
  0.838561E+03  0.116724E+02
  0.841902E+03  0.125264E+02
  0.845242E+03  0.121392E+02
  0.848583E+03  0.111918E+02
  0.851924E+03  0.112825E+02
  0.855265E+03  0.106142E+02
  0.858606E+03  0.119732E+02
  0.861947E+03  0.114122E+02
  0.865288E+03  0.111863E+02
  0.868629E+03  0.998450E+01
  0.871970E+03  0.107860E+02
  0.875310E+03  0.120610E+02
  0.878651E+03  0.120167E+02
  0.881992E+03  0.101860E+02
  0.885333E+03  0.105124E+02
  0.888674E+03  0.102610E+02
  0.892015E+03  0.115671E+02
  0.895356E+03  0.107003E+02
  0.898697E+03  0.104288E+02
  0.902037E+03  0.100830E+02
  0.905378E+03  0.102303E+02
  0.908719E+03  0.974431E+01
  0.912060E+03  0.930968E+01
  0.915401E+03  0.907241E+01
  0.918742E+03  0.888754E+01
  0.922083E+03  0.858433E+01
  0.925424E+03  0.854370E+01
  0.928764E+03  0.849954E+01
  0.932105E+03  0.810890E+01
  0.935446E+03  0.729455E+01
  0.938787E+03  0.770469E+01
  0.942128E+03  0.750288E+01
  0.945469E+03  0.694023E+01
  0.948810E+03  0.772517E+01
  0.952151E+03  0.736050E+01
  0.955492E+03  0.616315E+01
  0.958832E+03  0.666022E+01
  0.962173E+03  0.619336E+01
  0.965514E+03  0.552454E+01
  0.968855E+03  0.547971E+01
  0.972196E+03  0.544834E+01
  0.975537E+03  0.481032E+01
  0.978878E+03  0.501336E+01
  0.982219E+03  0.448118E+01
  0.985559E+03  0.448347E+01
  0.988900E+03  0.408629E+01
  0.992241E+03  0.419672E+01
  0.995582E+03  0.419118E+01
  0.998923E+03  0.387199E+01
  0.100226E+04  0.381440E+01
  0.100560E+04  0.378691E+01
  0.100895E+04  0.362372E+01
  0.101229E+04  0.385525E+01
  0.101563E+04  0.336201E+01
  0.101897E+04  0.348250E+01
  0.102231E+04  0.329266E+01
  0.102565E+04  0.302294E+01
  0.102899E+04  0.317861E+01
  0.103233E+04  0.279372E+01
  0.103567E+04  0.305259E+01
  0.103901E+04  0.278116E+01
  0.104235E+04  0.262541E+01
  0.104570E+04  0.287356E+01
  0.104904E+04  0.274974E+01
  0.105238E+04  0.255935E+01
  0.105572E+04  0.281813E+01
  0.105906E+04  0.257376E+01
  0.106240E+04  0.265086E+01
  0.106574E+04  0.254340E+01
  0.106908E+04  0.228088E+01
  0.107242E+04  0.251838E+01
  0.107576E+04  0.247956E+01
  0.107910E+04  0.240224E+01
  0.108244E+04  0.260939E+01
  0.108579E+04  0.220343E+01
  0.108913E+04  0.229608E+01
  0.109247E+04  0.239510E+01
  0.109581E+04  0.220096E+01
  0.109915E+04  0.207296E+01
  0.110249E+04  0.217964E+01
  0.110583E+04  0.214020E+01
  0.110917E+04  0.221560E+01
  0.111251E+04  0.205134E+01
  0.111585E+04  0.216845E+01
  0.111919E+04  0.201832E+01
  0.112254E+04  0.196065E+01
  0.112588E+04  0.199741E+01
  0.112922E+04  0.187988E+01
  0.113256E+04  0.197417E+01
  0.113590E+04  0.197401E+01
  0.113924E+04  0.191212E+01
  0.114258E+04  0.171252E+01
  0.114592E+04  0.189797E+01
  0.114926E+04  0.184609E+01
  0.115260E+04  0.188410E+01
  0.115594E+04  0.191367E+01
  0.115929E+04  0.177970E+01
  0.116263E+04  0.184955E+01
  0.116597E+04  0.183632E+01
  0.116931E+04  0.165088E+01
  0.117265E+04  0.180470E+01
  0.117599E+04  0.171724E+01
  0.117933E+04  0.178572E+01
  0.118267E+04  0.180508E+01
  0.118601E+04  0.177629E+01
  0.118935E+04  0.161873E+01
  0.119269E+04  0.178381E+01
  0.119603E+04  0.173850E+01
  0.119938E+04  0.174009E+01
  0.120272E+04  0.181199E+01
  0.120606E+04  0.160818E+01
  0.120940E+04  0.164927E+01
  0.121274E+04  0.169298E+01
  0.121608E+04  0.164341E+01
  0.121942E+04  0.170552E+01
  0.122276E+04  0.170269E+01
  0.122610E+04  0.179354E+01
  0.122944E+04  0.162113E+01
  0.123278E+04  0.159836E+01
  0.123613E+04  0.173293E+01
  0.123947E+04  0.164448E+01
  0.124281E+04  0.177642E+01
  0.124615E+04  0.174149E+01
  0.124949E+04  0.183209E+01
  0.125283E+04  0.167934E+01
  0.125617E+04  0.171013E+01
  0.125951E+04  0.181053E+01
  0.126285E+04  0.178355E+01
  0.126619E+04  0.177468E+01
  0.126953E+04  0.174128E+01
  0.127288E+04  0.168712E+01
  0.127622E+04  0.165084E+01
  0.127956E+04  0.179472E+01
  0.128290E+04  0.172897E+01
  0.128624E+04  0.182602E+01
  0.128958E+04  0.185894E+01
  0.129292E+04  0.181188E+01
  0.129626E+04  0.177023E+01
  0.129960E+04  0.164674E+01
  0.130294E+04  0.166332E+01
  0.130628E+04  0.170628E+01
  0.130962E+04  0.187137E+01
  0.131297E+04  0.174924E+01
  0.131631E+04  0.173508E+01
  0.131965E+04  0.180197E+01
  0.132299E+04  0.195439E+01
  0.132633E+04  0.192235E+01
  0.132967E+04  0.180179E+01
  0.133301E+04  0.181965E+01
  0.133635E+04  0.190582E+01
  0.133969E+04  0.175619E+01
  0.134303E+04  0.187656E+01
  0.134637E+04  0.175972E+01
  0.134972E+04  0.177452E+01
  0.135306E+04  0.189705E+01
  0.135640E+04  0.182880E+01
  0.135974E+04  0.197449E+01
  0.136308E+04  0.186660E+01
  0.136642E+04  0.185365E+01
  0.136976E+04  0.186882E+01
  0.137310E+04  0.190540E+01
  0.137644E+04  0.189616E+01
  0.137978E+04  0.185153E+01
  0.138312E+04  0.181257E+01
  0.138646E+04  0.193975E+01
  0.138981E+04  0.225905E+01
  0.139315E+04  0.209035E+01
  0.139649E+04  0.187116E+01
  0.139983E+04  0.196466E+01
  0.140317E+04  0.203472E+01
  0.140651E+04  0.207914E+01
  0.140985E+04  0.195637E+01
  0.141319E+04  0.212141E+01
  0.141653E+04  0.189552E+01
  0.141987E+04  0.202621E+01
  0.142321E+04  0.199820E+01
  0.142656E+04  0.215965E+01
  0.142990E+04  0.216788E+01
  0.143324E+04  0.220487E+01
  0.143658E+04  0.248101E+01
  0.143992E+04  0.235829E+01
  0.144326E+04  0.232720E+01
  0.144660E+04  0.244149E+01
  0.144994E+04  0.255231E+01
  0.145328E+04  0.245028E+01
  0.145662E+04  0.261076E+01
  0.145996E+04  0.265036E+01
  0.146331E+04  0.270250E+01
  0.146665E+04  0.261351E+01
  0.146999E+04  0.294892E+01
  0.147333E+04  0.290385E+01
  0.147667E+04  0.295380E+01
  0.148001E+04  0.291784E+01
  0.148335E+04  0.330984E+01
  0.148669E+04  0.332197E+01
  0.149003E+04  0.340166E+01
  0.149337E+04  0.369510E+01
  0.149671E+04  0.362270E+01
  0.150005E+04  0.366055E+01
  0.150340E+04  0.400724E+01
  0.150674E+04  0.398016E+01
  0.151008E+04  0.452651E+01
  0.151342E+04  0.455107E+01
  0.151676E+04  0.453900E+01
  0.152010E+04  0.477383E+01
  0.152344E+04  0.535613E+01
  0.152678E+04  0.566745E+01
  0.153012E+04  0.585908E+01
  0.153346E+04  0.649319E+01
  0.153680E+04  0.647807E+01
  0.154015E+04  0.742475E+01
  0.154349E+04  0.819350E+01
  0.154683E+04  0.807975E+01
  0.155017E+04  0.879702E+01
  0.155351E+04  0.960439E+01
  0.155685E+04  0.948446E+01
  0.156019E+04  0.120393E+02
  0.156353E+04  0.118997E+02
  0.156687E+04  0.121589E+02
  0.157021E+04  0.131838E+02
  0.157355E+04  0.142253E+02
  0.157690E+04  0.144661E+02
  0.158024E+04  0.181513E+02
  0.158358E+04  0.173699E+02
  0.158692E+04  0.180688E+02
  0.159026E+04  0.191808E+02
  0.159360E+04  0.208350E+02
  0.159694E+04  0.206364E+02
  0.160028E+04  0.205564E+02
  0.160362E+04  0.226140E+02
  0.160696E+04  0.237987E+02
  0.161030E+04  0.229610E+02
  0.161364E+04  0.220863E+02
  0.161699E+04  0.236089E+02
  0.162033E+04  0.242376E+02
  0.162367E+04  0.236851E+02
  0.162701E+04  0.244923E+02
  0.163035E+04  0.223641E+02
  0.163369E+04  0.228192E+02
  0.163703E+04  0.259696E+02
  0.164037E+04  0.232908E+02
  0.164371E+04  0.226638E+02
  0.164705E+04  0.215733E+02
  0.165039E+04  0.216696E+02
  0.165374E+04  0.224269E+02
  0.165708E+04  0.203745E+02
  0.166042E+04  0.199955E+02
  0.166376E+04  0.189154E+02
  0.166710E+04  0.173662E+02
  0.167044E+04  0.164799E+02
  0.167378E+04  0.165609E+02
  0.167712E+04  0.152867E+02
  0.168046E+04  0.162311E+02
  0.168380E+04  0.139636E+02
  0.168714E+04  0.129304E+02
  0.169048E+04  0.122143E+02
  0.169383E+04  0.115950E+02
  0.169717E+04  0.102429E+02
  0.170051E+04  0.103190E+02
  0.170385E+04  0.820402E+01
  0.170719E+04  0.864631E+01
  0.171053E+04  0.785591E+01
  0.171387E+04  0.738417E+01
  0.171721E+04  0.753972E+01
  0.172055E+04  0.646215E+01
  0.172389E+04  0.609717E+01
  0.172723E+04  0.597899E+01
  0.173058E+04  0.494245E+01
  0.173392E+04  0.455538E+01
  0.173726E+04  0.418512E+01
  0.174060E+04  0.411413E+01
  0.174394E+04  0.389040E+01
  0.174728E+04  0.387398E+01
  0.175062E+04  0.344391E+01
  0.175396E+04  0.306537E+01
  0.175730E+04  0.324551E+01
  0.176064E+04  0.302142E+01
  0.176398E+04  0.307293E+01
  0.176733E+04  0.287086E+01
  0.177067E+04  0.291093E+01
  0.177401E+04  0.270721E+01
  0.177735E+04  0.249532E+01
  0.178069E+04  0.213643E+01
  0.178403E+04  0.214600E+01
  0.178737E+04  0.188862E+01
  0.179071E+04  0.188212E+01
  0.179405E+04  0.188790E+01
  0.179739E+04  0.177366E+01
  0.180073E+04  0.175022E+01
  0.180407E+04  0.152302E+01
  0.180742E+04  0.153607E+01
  0.181076E+04  0.159615E+01
  0.181410E+04  0.144915E+01
  0.181744E+04  0.126121E+01
  0.182078E+04  0.129419E+01
  0.182412E+04  0.134048E+01
  0.182746E+04  0.127753E+01
  0.183080E+04  0.127086E+01
  0.183414E+04  0.109674E+01
  0.183748E+04  0.114749E+01
  0.184082E+04  0.112813E+01
  0.184417E+04  0.100762E+01
  0.184751E+04  0.103534E+01
  0.185085E+04  0.979901E+00
  0.185419E+04  0.980447E+00
  0.185753E+04  0.908446E+00
  0.186087E+04  0.909447E+00
  0.186421E+04  0.857220E+00
  0.186755E+04  0.889013E+00
  0.187089E+04  0.855587E+00
  0.187423E+04  0.857775E+00
  0.187757E+04  0.965310E+00
  0.188092E+04  0.789824E+00
  0.188426E+04  0.822475E+00
  0.188760E+04  0.806794E+00
  0.189094E+04  0.802923E+00
  0.189428E+04  0.774097E+00
  0.189762E+04  0.799728E+00
  0.190096E+04  0.711256E+00
  0.190430E+04  0.803505E+00
  0.190764E+04  0.750971E+00
  0.191098E+04  0.717093E+00
  0.191432E+04  0.734759E+00
  0.191766E+04  0.703242E+00
  0.192101E+04  0.690000E+00
  0.192435E+04  0.706534E+00
  0.192769E+04  0.727224E+00
  0.193103E+04  0.721134E+00
  0.193437E+04  0.668220E+00
  0.193771E+04  0.627646E+00
  0.194105E+04  0.607314E+00
  0.194439E+04  0.657536E+00
  0.194773E+04  0.632255E+00
  0.195107E+04  0.667893E+00
  0.195441E+04  0.631413E+00
  0.195776E+04  0.642392E+00
  0.196110E+04  0.653929E+00
  0.196444E+04  0.682627E+00
  0.196778E+04  0.647058E+00
  0.197112E+04  0.653777E+00
  0.197446E+04  0.638235E+00
  0.197780E+04  0.654412E+00
  0.198114E+04  0.651354E+00
  0.198448E+04  0.604169E+00
  0.198782E+04  0.687815E+00
  0.199116E+04  0.637012E+00
  0.199451E+04  0.614376E+00
  0.199785E+04  0.642778E+00
  0.200119E+04  0.600641E+00
  0.200453E+04  0.619062E+00
  0.200787E+04  0.631402E+00
  0.201121E+04  0.605633E+00
  0.201455E+04  0.625626E+00
  0.201789E+04  0.602334E+00
  0.202123E+04  0.615388E+00
  0.202457E+04  0.609272E+00
  0.202791E+04  0.653384E+00
  0.203125E+04  0.611983E+00
  0.203460E+04  0.582558E+00
  0.203794E+04  0.647685E+00
  0.204128E+04  0.588160E+00
  0.204462E+04  0.640471E+00
  0.204796E+04  0.633910E+00
  0.205130E+04  0.646307E+00
  0.205464E+04  0.628582E+00
  0.205798E+04  0.642326E+00
  0.206132E+04  0.607049E+00
  0.206466E+04  0.627766E+00
  0.206800E+04  0.620749E+00
  0.207135E+04  0.616530E+00
  0.207469E+04  0.680319E+00
  0.207803E+04  0.627212E+00
  0.208137E+04  0.668789E+00
  0.208471E+04  0.656712E+00
  0.208805E+04  0.629093E+00
  0.209139E+04  0.673988E+00
  0.209473E+04  0.615917E+00
  0.209807E+04  0.642346E+00
  0.210141E+04  0.642011E+00
  0.210475E+04  0.659720E+00
  0.210809E+04  0.659941E+00
  0.211144E+04  0.668234E+00
  0.211478E+04  0.650671E+00
  0.211812E+04  0.695539E+00
  0.212146E+04  0.693179E+00
  0.212480E+04  0.640249E+00
  0.212814E+04  0.679800E+00
  0.213148E+04  0.647509E+00
  0.213482E+04  0.670661E+00
  0.213816E+04  0.673650E+00
  0.214150E+04  0.707214E+00
  0.214484E+04  0.678877E+00
  0.214819E+04  0.738387E+00
  0.215153E+04  0.649388E+00
  0.215487E+04  0.656616E+00
  0.215821E+04  0.708466E+00
  0.216155E+04  0.674092E+00
  0.216489E+04  0.707593E+00
  0.216823E+04  0.730148E+00
  0.217157E+04  0.710934E+00
  0.217491E+04  0.665155E+00
  0.217825E+04  0.672329E+00
  0.218159E+04  0.697883E+00
  0.218494E+04  0.693918E+00
  0.218828E+04  0.649213E+00
  0.219162E+04  0.734734E+00
  0.219496E+04  0.723509E+00
  0.219830E+04  0.675915E+00
  0.220164E+04  0.674414E+00
  0.220498E+04  0.715151E+00
  0.220832E+04  0.696318E+00
  0.221166E+04  0.659095E+00
  0.221500E+04  0.740914E+00
  0.221834E+04  0.703441E+00
  0.222168E+04  0.656350E+00
  0.222503E+04  0.751374E+00
  0.222837E+04  0.637530E+00
  0.223171E+04  0.730584E+00
  0.223505E+04  0.700034E+00
  0.223839E+04  0.695889E+00
  0.224173E+04  0.709551E+00
  0.224507E+04  0.662669E+00
  0.224841E+04  0.675622E+00
  0.225175E+04  0.730042E+00
  0.225509E+04  0.734756E+00
  0.225843E+04  0.679853E+00
  0.226178E+04  0.676892E+00
  0.226512E+04  0.658115E+00
  0.226846E+04  0.702919E+00
  0.227180E+04  0.676253E+00
  0.227514E+04  0.648855E+00
  0.227848E+04  0.680015E+00
  0.228182E+04  0.705066E+00
  0.228516E+04  0.663331E+00
  0.228850E+04  0.707458E+00
  0.229184E+04  0.659139E+00
  0.229518E+04  0.684533E+00
  0.229853E+04  0.641135E+00
  0.230187E+04  0.647848E+00
  0.230521E+04  0.685711E+00
  0.230855E+04  0.697835E+00
  0.231189E+04  0.701340E+00
  0.231523E+04  0.639366E+00
  0.231857E+04  0.670355E+00
  0.232191E+04  0.644563E+00
  0.232525E+04  0.683005E+00
  0.232859E+04  0.643035E+00
  0.233193E+04  0.644854E+00
  0.233527E+04  0.700515E+00
  0.233862E+04  0.636613E+00
  0.234196E+04  0.671105E+00
  0.234530E+04  0.659620E+00
  0.234864E+04  0.652332E+00
  0.235198E+04  0.632446E+00
  0.235532E+04  0.606188E+00
  0.235866E+04  0.643132E+00
  0.236200E+04  0.662789E+00
  0.236534E+04  0.621140E+00
  0.236868E+04  0.582374E+00
  0.237202E+04  0.642957E+00
  0.237537E+04  0.599699E+00
  0.237871E+04  0.594992E+00
  0.238205E+04  0.583447E+00
  0.238539E+04  0.596473E+00
  0.238873E+04  0.530842E+00
  0.239207E+04  0.541475E+00
  0.239541E+04  0.564464E+00
  0.239875E+04  0.580754E+00
  0.240209E+04  0.543593E+00
  0.240543E+04  0.549160E+00
  0.240877E+04  0.512160E+00
  0.241211E+04  0.525310E+00
  0.241546E+04  0.514647E+00
  0.241880E+04  0.515686E+00
  0.242214E+04  0.509180E+00
  0.242548E+04  0.517807E+00
  0.242882E+04  0.508673E+00
  0.243216E+04  0.483129E+00
  0.243550E+04  0.493632E+00
  0.243884E+04  0.482848E+00
  0.244218E+04  0.478659E+00
  0.244552E+04  0.511779E+00
  0.244886E+04  0.484354E+00
  0.245221E+04  0.472168E+00
  0.245555E+04  0.482391E+00
  0.245889E+04  0.448851E+00
  0.246223E+04  0.447835E+00
  0.246557E+04  0.439258E+00
  0.246891E+04  0.445773E+00
  0.247225E+04  0.421014E+00
  0.247559E+04  0.423088E+00
  0.247893E+04  0.425706E+00
  0.248227E+04  0.434719E+00
  0.248561E+04  0.428475E+00
  0.248896E+04  0.423290E+00
  0.249230E+04  0.434835E+00
  0.249564E+04  0.419853E+00
  0.249898E+04  0.429641E+00
  0.250232E+04  0.420191E+00
  0.250566E+04  0.440051E+00
  0.250900E+04  0.411052E+00
  0.251234E+04  0.391125E+00
  0.251568E+04  0.421535E+00
  0.251902E+04  0.417016E+00
  0.252236E+04  0.427029E+00
  0.252570E+04  0.399507E+00
  0.252905E+04  0.400253E+00
  0.253239E+04  0.417270E+00
  0.253573E+04  0.418447E+00
  0.253907E+04  0.422534E+00
  0.254241E+04  0.421699E+00
  0.254575E+04  0.421666E+00
  0.254909E+04  0.427084E+00
  0.255243E+04  0.417668E+00
  0.255577E+04  0.433559E+00
  0.255911E+04  0.425369E+00
  0.256245E+04  0.402676E+00
  0.256580E+04  0.411593E+00
  0.256914E+04  0.439273E+00
  0.257248E+04  0.409255E+00
  0.257582E+04  0.443073E+00
  0.257916E+04  0.451286E+00
  0.258250E+04  0.447630E+00
  0.258584E+04  0.441340E+00
  0.258918E+04  0.434107E+00
  0.259252E+04  0.477698E+00
  0.259586E+04  0.434770E+00
  0.259920E+04  0.451061E+00
  0.260255E+04  0.487401E+00
  0.260589E+04  0.473095E+00
  0.260923E+04  0.508521E+00
  0.261257E+04  0.495102E+00
  0.261591E+04  0.505803E+00
  0.261925E+04  0.521284E+00
  0.262259E+04  0.535993E+00
  0.262593E+04  0.568528E+00
  0.262927E+04  0.521650E+00
  0.263261E+04  0.582525E+00
  0.263595E+04  0.563076E+00
  0.263929E+04  0.547561E+00
  0.264264E+04  0.593583E+00
  0.264598E+04  0.628496E+00
  0.264932E+04  0.654413E+00
  0.265266E+04  0.690576E+00
  0.265600E+04  0.617704E+00
  0.265934E+04  0.646741E+00
  0.266268E+04  0.708329E+00
  0.266602E+04  0.689013E+00
  0.266936E+04  0.704511E+00
  0.267270E+04  0.727100E+00
  0.267604E+04  0.769465E+00
  0.267939E+04  0.839872E+00
  0.268273E+04  0.750214E+00
  0.268607E+04  0.913067E+00
  0.268941E+04  0.869072E+00
  0.269275E+04  0.923892E+00
  0.269609E+04  0.936853E+00
  0.269943E+04  0.972286E+00
  0.270277E+04  0.975360E+00
  0.270611E+04  0.986089E+00
  0.270945E+04  0.107052E+01
  0.271279E+04  0.111294E+01
  0.271613E+04  0.115319E+01
  0.271948E+04  0.116360E+01
  0.272282E+04  0.117978E+01
  0.272616E+04  0.119335E+01
  0.272950E+04  0.123169E+01
  0.273284E+04  0.125451E+01
  0.273618E+04  0.132040E+01
  0.273952E+04  0.136004E+01
  0.274286E+04  0.140823E+01
  0.274620E+04  0.136499E+01
  0.274954E+04  0.144479E+01
  0.275288E+04  0.143456E+01
  0.275623E+04  0.149345E+01
  0.275957E+04  0.157855E+01
  0.276291E+04  0.146143E+01
  0.276625E+04  0.148388E+01
  0.276959E+04  0.156834E+01
  0.277293E+04  0.165174E+01
  0.277627E+04  0.176376E+01
  0.277961E+04  0.166373E+01
  0.278295E+04  0.167334E+01
  0.278629E+04  0.174251E+01
  0.278963E+04  0.180523E+01
  0.279298E+04  0.170736E+01
  0.279632E+04  0.176520E+01
  0.279966E+04  0.188970E+01
  0.280300E+04  0.175639E+01
  0.280634E+04  0.195709E+01
  0.280968E+04  0.183757E+01
  0.281302E+04  0.196930E+01
  0.281636E+04  0.198250E+01
  0.281970E+04  0.177403E+01
  0.282304E+04  0.198513E+01
  0.282638E+04  0.182764E+01
  0.282972E+04  0.190429E+01
  0.283307E+04  0.187863E+01
  0.283641E+04  0.196343E+01
  0.283975E+04  0.192935E+01
  0.284309E+04  0.198485E+01
  0.284643E+04  0.194062E+01
  0.284977E+04  0.190778E+01
  0.285311E+04  0.194088E+01
  0.285645E+04  0.200024E+01
  0.285979E+04  0.201161E+01
  0.286313E+04  0.198464E+01
  0.286647E+04  0.182446E+01
  0.286982E+04  0.206201E+01
  0.287316E+04  0.194967E+01
  0.287650E+04  0.204239E+01
  0.287984E+04  0.192516E+01
  0.288318E+04  0.198124E+01
  0.288652E+04  0.202593E+01
  0.288986E+04  0.199780E+01
  0.289320E+04  0.197581E+01
  0.289654E+04  0.195138E+01
  0.289988E+04  0.194966E+01
  0.290322E+04  0.198322E+01
  0.290657E+04  0.196676E+01
  0.290991E+04  0.207503E+01
  0.291325E+04  0.198062E+01
  0.291659E+04  0.194614E+01
  0.291993E+04  0.199466E+01
  0.292327E+04  0.197646E+01
  0.292661E+04  0.197440E+01
  0.292995E+04  0.191532E+01
  0.293329E+04  0.198289E+01
  0.293663E+04  0.204607E+01
  0.293997E+04  0.189738E+01
  0.294331E+04  0.203829E+01
  0.294666E+04  0.192723E+01
  0.295000E+04  0.190074E+01
  0.295334E+04  0.184079E+01
  0.295668E+04  0.179617E+01
  0.296002E+04  0.205256E+01
  0.296336E+04  0.195276E+01
  0.296670E+04  0.187254E+01
  0.297004E+04  0.186919E+01
  0.297338E+04  0.204313E+01
  0.297672E+04  0.188663E+01
  0.298006E+04  0.202337E+01
  0.298341E+04  0.204877E+01
  0.298675E+04  0.195707E+01
  0.299009E+04  0.182256E+01
  0.299343E+04  0.182346E+01
  0.299677E+04  0.179500E+01
  0.300011E+04  0.179563E+01
  0.300345E+04  0.182854E+01
  0.300679E+04  0.180542E+01
  0.301013E+04  0.183605E+01
  0.301347E+04  0.182831E+01
  0.301681E+04  0.170395E+01
  0.302015E+04  0.178535E+01
  0.302350E+04  0.185512E+01
  0.302684E+04  0.176834E+01
  0.303018E+04  0.178167E+01
  0.303352E+04  0.167479E+01
  0.303686E+04  0.166073E+01
  0.304020E+04  0.173407E+01
  0.304354E+04  0.169577E+01
  0.304688E+04  0.166843E+01
  0.305022E+04  0.165608E+01
  0.305356E+04  0.165265E+01
  0.305690E+04  0.162258E+01
  0.306025E+04  0.172909E+01
  0.306359E+04  0.155643E+01
  0.306693E+04  0.166790E+01
  0.307027E+04  0.176404E+01
  0.307361E+04  0.154020E+01
  0.307695E+04  0.159657E+01
  0.308029E+04  0.170867E+01
  0.308363E+04  0.159914E+01
  0.308697E+04  0.160382E+01
  0.309031E+04  0.146407E+01
  0.309365E+04  0.161929E+01
  0.309700E+04  0.148301E+01
  0.310034E+04  0.159715E+01
  0.310368E+04  0.149851E+01
  0.310702E+04  0.155496E+01
  0.311036E+04  0.145527E+01
  0.311370E+04  0.142340E+01
  0.311704E+04  0.151536E+01
  0.312038E+04  0.152648E+01
  0.312372E+04  0.152585E+01
  0.312706E+04  0.142056E+01
  0.313040E+04  0.153521E+01
  0.313374E+04  0.144895E+01
  0.313709E+04  0.144512E+01
  0.314043E+04  0.144206E+01
  0.314377E+04  0.149444E+01
  0.314711E+04  0.135641E+01
  0.315045E+04  0.149938E+01
  0.315379E+04  0.153175E+01
  0.315713E+04  0.156561E+01
  0.316047E+04  0.153940E+01
  0.316381E+04  0.146045E+01
  0.316715E+04  0.145550E+01
  0.317049E+04  0.138979E+01
  0.317384E+04  0.134407E+01
  0.317718E+04  0.150194E+01
  0.318052E+04  0.159210E+01
  0.318386E+04  0.140955E+01
  0.318720E+04  0.158505E+01
  0.319054E+04  0.161606E+01
  0.319388E+04  0.153624E+01
  0.319722E+04  0.160539E+01
  0.320056E+04  0.153753E+01
  0.320390E+04  0.148768E+01
  0.320724E+04  0.168976E+01
  0.321059E+04  0.159089E+01
  0.321393E+04  0.164661E+01
  0.321727E+04  0.163121E+01
  0.322061E+04  0.167776E+01
  0.322395E+04  0.169291E+01
  0.322729E+04  0.173596E+01
  0.323063E+04  0.187963E+01
  0.323397E+04  0.164744E+01
  0.323731E+04  0.182592E+01
  0.324065E+04  0.185344E+01
  0.324399E+04  0.181514E+01
  0.324733E+04  0.184247E+01
  0.325068E+04  0.186855E+01
  0.325402E+04  0.184677E+01
  0.325736E+04  0.182472E+01
  0.326070E+04  0.189990E+01
  0.326404E+04  0.218055E+01
  0.326738E+04  0.222587E+01
  0.327072E+04  0.217825E+01
  0.327406E+04  0.236139E+01
  0.327740E+04  0.237397E+01
  0.328074E+04  0.252390E+01
  0.328408E+04  0.235890E+01
  0.328743E+04  0.244407E+01
  0.329077E+04  0.240948E+01
  0.329411E+04  0.259193E+01
  0.329745E+04  0.266045E+01
  0.330079E+04  0.285445E+01
  0.330413E+04  0.311980E+01
  0.330747E+04  0.293834E+01
  0.331081E+04  0.329696E+01
  0.331415E+04  0.360716E+01
  0.331749E+04  0.347355E+01
  0.332083E+04  0.385924E+01
  0.332418E+04  0.377937E+01
  0.332752E+04  0.374339E+01
  0.333086E+04  0.425207E+01
  0.333420E+04  0.407799E+01
  0.333754E+04  0.422686E+01
  0.334088E+04  0.472532E+01
  0.334422E+04  0.457085E+01
  0.334756E+04  0.529222E+01
  0.335090E+04  0.585387E+01
  0.335424E+04  0.566874E+01
  0.335758E+04  0.603748E+01
  0.336092E+04  0.703523E+01
  0.336427E+04  0.656894E+01
  0.336761E+04  0.715863E+01
  0.337095E+04  0.760110E+01
  0.337429E+04  0.727235E+01
  0.337763E+04  0.799618E+01
  0.338097E+04  0.821135E+01
  0.338431E+04  0.818054E+01
  0.338765E+04  0.892715E+01
  0.339099E+04  0.897635E+01
  0.339433E+04  0.101101E+02
  0.339767E+04  0.101708E+02
  0.340102E+04  0.104927E+02
  0.340436E+04  0.122123E+02
  0.340770E+04  0.105858E+02
  0.341104E+04  0.107936E+02
  0.341438E+04  0.106328E+02
  0.341772E+04  0.114027E+02
  0.342106E+04  0.120500E+02
  0.342440E+04  0.110675E+02
  0.342774E+04  0.123027E+02
  0.343108E+04  0.117937E+02
  0.343442E+04  0.117962E+02
  0.343776E+04  0.119907E+02
  0.344111E+04  0.126325E+02
  0.344445E+04  0.121359E+02
  0.344779E+04  0.127828E+02
  0.345113E+04  0.136552E+02
  0.345447E+04  0.146447E+02
  0.345781E+04  0.138449E+02
  0.346115E+04  0.136229E+02
  0.346449E+04  0.141951E+02
  0.346783E+04  0.149731E+02
  0.347117E+04  0.155350E+02
  0.347451E+04  0.149446E+02
  0.347786E+04  0.164579E+02
  0.348120E+04  0.167325E+02
  0.348454E+04  0.167498E+02
  0.348788E+04  0.175942E+02
  0.349122E+04  0.174476E+02
  0.349456E+04  0.187049E+02
  0.349790E+04  0.191708E+02
  0.350124E+04  0.187633E+02
  0.350458E+04  0.183898E+02
  0.350792E+04  0.205312E+02
  0.351126E+04  0.201171E+02
  0.351461E+04  0.189864E+02
  0.351795E+04  0.195299E+02
  0.352129E+04  0.210079E+02
  0.352463E+04  0.212606E+02
  0.352797E+04  0.205979E+02
  0.353131E+04  0.211080E+02
  0.353465E+04  0.207195E+02
  0.353799E+04  0.207292E+02
  0.354133E+04  0.206973E+02
  0.354467E+04  0.211295E+02
  0.354801E+04  0.180680E+02
  0.355135E+04  0.207234E+02
  0.355470E+04  0.189174E+02
  0.355804E+04  0.190762E+02
  0.356138E+04  0.190378E+02
  0.356472E+04  0.187014E+02
  0.356806E+04  0.192044E+02
  0.357140E+04  0.185770E+02
  0.357474E+04  0.195771E+02
  0.357808E+04  0.173560E+02
  0.358142E+04  0.171960E+02
  0.358476E+04  0.169602E+02
  0.358810E+04  0.170210E+02
  0.359145E+04  0.163038E+02
  0.359479E+04  0.164784E+02
  0.359813E+04  0.140205E+02
  0.360147E+04  0.151725E+02
  0.360481E+04  0.160151E+02
  0.360815E+04  0.159215E+02
  0.361149E+04  0.165904E+02
  0.361483E+04  0.155338E+02
  0.361817E+04  0.165254E+02
  0.362151E+04  0.166254E+02
  0.362485E+04  0.153892E+02
  0.362820E+04  0.151113E+02
  0.363154E+04  0.166162E+02
  0.363488E+04  0.155529E+02
  0.363822E+04  0.154868E+02
  0.364156E+04  0.173089E+02
  0.364490E+04  0.176531E+02
  0.364824E+04  0.173449E+02
  0.365158E+04  0.164859E+02
  0.365492E+04  0.180579E+02
  0.365826E+04  0.174194E+02
  0.366160E+04  0.165455E+02
  0.366494E+04  0.183677E+02
  0.366829E+04  0.170528E+02
  0.367163E+04  0.173893E+02
  0.367497E+04  0.185300E+02
  0.367831E+04  0.161529E+02
  0.368165E+04  0.166351E+02
  0.368499E+04  0.169232E+02
  0.368833E+04  0.158297E+02
  0.369167E+04  0.152845E+02
  0.369501E+04  0.155153E+02
  0.369835E+04  0.152416E+02
  0.370169E+04  0.146190E+02
  0.370504E+04  0.141913E+02
  0.370838E+04  0.137136E+02
  0.371172E+04  0.138268E+02
  0.371506E+04  0.129564E+02
  0.371840E+04  0.124633E+02
  0.372174E+04  0.111674E+02
  0.372508E+04  0.106118E+02
  0.372842E+04  0.105015E+02
  0.373176E+04  0.956305E+01
  0.373510E+04  0.100768E+02
  0.373844E+04  0.861251E+01
  0.374178E+04  0.793335E+01
  0.374513E+04  0.840132E+01
  0.374847E+04  0.746286E+01
  0.375181E+04  0.693386E+01
  0.375515E+04  0.672184E+01
  0.375849E+04  0.616490E+01
  0.376183E+04  0.557068E+01
  0.376517E+04  0.527366E+01
  0.376851E+04  0.511609E+01
  0.377185E+04  0.478505E+01
  0.377519E+04  0.414729E+01
  0.377853E+04  0.375233E+01
  0.378188E+04  0.365780E+01
  0.378522E+04  0.340498E+01
  0.378856E+04  0.312392E+01
  0.379190E+04  0.271257E+01
  0.379524E+04  0.267230E+01
  0.379858E+04  0.249004E+01
  0.380192E+04  0.225855E+01
  0.380526E+04  0.213696E+01
  0.380860E+04  0.202072E+01
  0.381194E+04  0.188009E+01
  0.381528E+04  0.167402E+01
  0.381863E+04  0.163822E+01
  0.382197E+04  0.159605E+01
  0.382531E+04  0.146174E+01
  0.382865E+04  0.142331E+01
  0.383199E+04  0.133122E+01
  0.383533E+04  0.126613E+01
  0.383867E+04  0.117635E+01
  0.384201E+04  0.113687E+01
  0.384535E+04  0.103914E+01
  0.384869E+04  0.100577E+01
  0.385203E+04  0.990784E+00
  0.385537E+04  0.901148E+00
  0.385872E+04  0.882457E+00
  0.386206E+04  0.941131E+00
  0.386540E+04  0.878326E+00
  0.386874E+04  0.877207E+00
  0.387208E+04  0.782694E+00
  0.387542E+04  0.811407E+00
  0.387876E+04  0.705893E+00
  0.388210E+04  0.811211E+00
  0.388544E+04  0.707189E+00
  0.388878E+04  0.715964E+00
  0.389212E+04  0.696978E+00
  0.389547E+04  0.688259E+00
  0.389881E+04  0.682058E+00
  0.390215E+04  0.685583E+00
  0.390549E+04  0.642341E+00
  0.390883E+04  0.680363E+00
  0.391217E+04  0.623652E+00
  0.391551E+04  0.649025E+00
  0.391885E+04  0.655522E+00
  0.392219E+04  0.631575E+00
  0.392553E+04  0.623038E+00
  0.392887E+04  0.604892E+00
  0.393222E+04  0.597701E+00
  0.393556E+04  0.588935E+00
  0.393890E+04  0.595280E+00
  0.394224E+04  0.649095E+00
  0.394558E+04  0.572356E+00
  0.394892E+04  0.608458E+00
  0.395226E+04  0.615179E+00
  0.395560E+04  0.619147E+00
  0.395894E+04  0.560322E+00
  0.396228E+04  0.607575E+00
  0.396562E+04  0.604671E+00
  0.396896E+04  0.553305E+00
  0.397231E+04  0.573801E+00
  0.397565E+04  0.607845E+00
  0.397899E+04  0.577549E+00
  0.398233E+04  0.567739E+00
  0.398567E+04  0.546837E+00
  0.398901E+04  0.607325E+00
  0.399235E+04  0.551706E+00
  0.399569E+04  0.595611E+00
  0.399903E+04  0.599532E+00
  0.400237E+04  0.542718E+00
  0.400571E+04  0.559480E+00
  0.400906E+04  0.554341E+00
  0.401240E+04  0.531213E+00
  0.401574E+04  0.592925E+00
  0.401908E+04  0.569459E+00
  0.402242E+04  0.576515E+00
  0.402576E+04  0.587092E+00
  0.402910E+04  0.558309E+00
  0.403244E+04  0.615034E+00
  0.403578E+04  0.580803E+00
  0.403912E+04  0.536809E+00
  0.404246E+04  0.568563E+00
  0.404580E+04  0.601151E+00
  0.404915E+04  0.621392E+00
  0.405249E+04  0.584829E+00
  0.405583E+04  0.594507E+00
  0.405917E+04  0.601519E+00
  0.406251E+04  0.553865E+00
  0.406585E+04  0.537668E+00
  0.406919E+04  0.553295E+00
  0.407253E+04  0.561400E+00
  0.407587E+04  0.561838E+00
  0.407921E+04  0.536946E+00
  0.408255E+04  0.536986E+00
  0.408590E+04  0.544530E+00
  0.408924E+04  0.544205E+00
  0.409258E+04  0.528367E+00
  0.409592E+04  0.574906E+00
  0.409926E+04  0.512852E+00
  0.410260E+04  0.580206E+00
  0.410594E+04  0.563167E+00
  0.410928E+04  0.556723E+00
  0.411262E+04  0.517897E+00
  0.411596E+04  0.512908E+00
  0.411930E+04  0.507716E+00
  0.412265E+04  0.540673E+00
  0.412599E+04  0.511848E+00
  0.412933E+04  0.495029E+00
  0.413267E+04  0.522176E+00
  0.413601E+04  0.491868E+00
  0.413935E+04  0.502627E+00
  0.414269E+04  0.486194E+00
  0.414603E+04  0.474528E+00
  0.414937E+04  0.477562E+00
  0.415271E+04  0.469681E+00
  0.415605E+04  0.457353E+00
  0.415939E+04  0.465868E+00
  0.416274E+04  0.527832E+00
  0.416608E+04  0.472952E+00
  0.416942E+04  0.473807E+00
  0.417276E+04  0.439599E+00
  0.417610E+04  0.434534E+00
  0.417944E+04  0.434543E+00
  0.418278E+04  0.447300E+00
  0.418612E+04  0.444952E+00
  0.418946E+04  0.410578E+00
  0.419280E+04  0.431068E+00
  0.419614E+04  0.418663E+00
  0.419949E+04  0.432237E+00
  0.420283E+04  0.411543E+00
  0.420617E+04  0.385630E+00
  0.420951E+04  0.383168E+00
  0.421285E+04  0.393967E+00
  0.421619E+04  0.399623E+00
  0.421953E+04  0.399437E+00
  0.422287E+04  0.371827E+00
  0.422621E+04  0.366243E+00
  0.422955E+04  0.367562E+00
  0.423289E+04  0.363572E+00
  0.423624E+04  0.364580E+00
  0.423958E+04  0.353428E+00
  0.424292E+04  0.358970E+00
  0.424626E+04  0.346730E+00
  0.424960E+04  0.358597E+00
  0.425294E+04  0.321413E+00
  0.425628E+04  0.350069E+00
  0.425962E+04  0.299843E+00
  0.426296E+04  0.325945E+00
  0.426630E+04  0.330108E+00
  0.426964E+04  0.312888E+00
  0.427298E+04  0.310323E+00
  0.427633E+04  0.320156E+00
  0.427967E+04  0.305846E+00
  0.428301E+04  0.312472E+00
  0.428635E+04  0.298352E+00
  0.428969E+04  0.295453E+00
  0.429303E+04  0.295325E+00
  0.429637E+04  0.291537E+00
  0.429971E+04  0.295775E+00
  0.430305E+04  0.295357E+00
  0.430639E+04  0.271163E+00
  0.430973E+04  0.273688E+00
  0.431308E+04  0.271831E+00
  0.431642E+04  0.290260E+00
  0.431976E+04  0.269443E+00
  0.432310E+04  0.265422E+00
  0.432644E+04  0.263967E+00
  0.432978E+04  0.269344E+00
  0.433312E+04  0.250984E+00
  0.433646E+04  0.263551E+00
  0.433980E+04  0.266481E+00
  0.434314E+04  0.263221E+00
  0.434648E+04  0.254020E+00
  0.434982E+04  0.248019E+00
  0.435317E+04  0.249752E+00
  0.435651E+04  0.251037E+00
  0.435985E+04  0.246192E+00
  0.436319E+04  0.258117E+00
  0.436653E+04  0.244663E+00
  0.436987E+04  0.247392E+00
  0.437321E+04  0.255700E+00
  0.437655E+04  0.254009E+00
  0.437989E+04  0.239100E+00
  0.438323E+04  0.237729E+00
  0.438657E+04  0.242602E+00
  0.438992E+04  0.230693E+00
  0.439326E+04  0.238739E+00
  0.439660E+04  0.235678E+00
  0.439994E+04  0.233560E+00
  0.440328E+04  0.237024E+00
  0.440662E+04  0.233252E+00
  0.440996E+04  0.232117E+00
  0.441330E+04  0.231195E+00
  0.441664E+04  0.223054E+00
  0.441998E+04  0.232913E+00
  0.442332E+04  0.230707E+00
  0.442667E+04  0.229054E+00
  0.443001E+04  0.221394E+00
  0.443335E+04  0.218079E+00
  0.443669E+04  0.221591E+00
  0.444003E+04  0.223729E+00
  0.444337E+04  0.219845E+00
  0.444671E+04  0.225235E+00
  0.445005E+04  0.218567E+00
  0.445339E+04  0.209311E+00
  0.445673E+04  0.213926E+00
  0.446007E+04  0.216138E+00
  0.446341E+04  0.218731E+00
  0.446676E+04  0.215927E+00
  0.447010E+04  0.218384E+00
  0.447344E+04  0.213575E+00
  0.447678E+04  0.216000E+00
  0.448012E+04  0.207051E+00
  0.448346E+04  0.209035E+00
  0.448680E+04  0.202501E+00
  0.449014E+04  0.210970E+00
  0.449348E+04  0.197880E+00
  0.449682E+04  0.201920E+00
  0.450016E+04  0.211946E+00
  0.450351E+04  0.208171E+00
  0.450685E+04  0.210618E+00
  0.451019E+04  0.205890E+00
  0.451353E+04  0.209970E+00
  0.451687E+04  0.209324E+00
  0.452021E+04  0.205473E+00
  0.452355E+04  0.204879E+00
  0.452689E+04  0.202404E+00
  0.453023E+04  0.200289E+00
  0.453357E+04  0.210523E+00
  0.453691E+04  0.201184E+00
  0.454026E+04  0.201168E+00
  0.454360E+04  0.195479E+00
  0.454694E+04  0.199158E+00
  0.455028E+04  0.203513E+00
  0.455362E+04  0.197949E+00
  0.455696E+04  0.202011E+00
  0.456030E+04  0.196139E+00
  0.456364E+04  0.196847E+00
  0.456698E+04  0.196804E+00
  0.457032E+04  0.197599E+00
  0.457366E+04  0.195230E+00
  0.457700E+04  0.197479E+00
  0.458035E+04  0.197673E+00
  0.458369E+04  0.189274E+00
  0.458703E+04  0.197362E+00
  0.459037E+04  0.198541E+00
  0.459371E+04  0.196962E+00
  0.459705E+04  0.196471E+00
  0.460039E+04  0.195994E+00
  0.460373E+04  0.196551E+00
  0.460707E+04  0.195835E+00
  0.461041E+04  0.198221E+00
  0.461375E+04  0.199159E+00
  0.461710E+04  0.198704E+00
  0.462044E+04  0.194772E+00
  0.462378E+04  0.193165E+00
  0.462712E+04  0.196802E+00
  0.463046E+04  0.195956E+00
  0.463380E+04  0.193086E+00
  0.463714E+04  0.193623E+00
  0.464048E+04  0.196390E+00
  0.464382E+04  0.193001E+00
  0.464716E+04  0.189434E+00
  0.465050E+04  0.195250E+00
  0.465385E+04  0.199170E+00
  0.465719E+04  0.200244E+00
  0.466053E+04  0.191754E+00
  0.466387E+04  0.192128E+00
  0.466721E+04  0.196564E+00
  0.467055E+04  0.195101E+00
  0.467389E+04  0.191774E+00
  0.467723E+04  0.194878E+00
  0.468057E+04  0.195340E+00
  0.468391E+04  0.192369E+00
  0.468725E+04  0.194589E+00
  0.469059E+04  0.196124E+00
  0.469394E+04  0.196499E+00
  0.469728E+04  0.196137E+00
  0.470062E+04  0.194954E+00
  0.470396E+04  0.197126E+00
  0.470730E+04  0.192966E+00
  0.471064E+04  0.198488E+00
  0.471398E+04  0.190354E+00
  0.471732E+04  0.195339E+00
  0.472066E+04  0.192731E+00
  0.472400E+04  0.191834E+00
  0.472734E+04  0.196806E+00
  0.473069E+04  0.190187E+00
  0.473403E+04  0.190899E+00
  0.473737E+04  0.195441E+00
  0.474071E+04  0.194476E+00
  0.474405E+04  0.191817E+00
  0.474739E+04  0.188105E+00
  0.475073E+04  0.195970E+00
  0.475407E+04  0.194083E+00
  0.475741E+04  0.194114E+00
  0.476075E+04  0.195772E+00
  0.476409E+04  0.197686E+00
  0.476743E+04  0.194789E+00
  0.477078E+04  0.198027E+00
  0.477412E+04  0.189873E+00
  0.477746E+04  0.193652E+00
  0.478080E+04  0.192681E+00
  0.478414E+04  0.198245E+00
  0.478748E+04  0.195341E+00
  0.479082E+04  0.198467E+00
  0.479416E+04  0.195972E+00
  0.479750E+04  0.199405E+00
  0.480084E+04  0.197227E+00
  0.480418E+04  0.195656E+00
  0.480753E+04  0.191777E+00
  0.481087E+04  0.197974E+00
  0.481421E+04  0.193070E+00
  0.481755E+04  0.196457E+00
  0.482089E+04  0.201155E+00
  0.482423E+04  0.193621E+00
  0.482757E+04  0.201345E+00
  0.483091E+04  0.196629E+00
  0.483425E+04  0.206721E+00
  0.483759E+04  0.201723E+00
  0.484093E+04  0.197379E+00
  0.484428E+04  0.200639E+00
  0.484762E+04  0.201676E+00
  0.485096E+04  0.199576E+00
  0.485430E+04  0.203034E+00
  0.485764E+04  0.199767E+00
  0.486098E+04  0.200854E+00
  0.486432E+04  0.199135E+00
  0.486766E+04  0.195501E+00
  0.487100E+04  0.201117E+00
  0.487434E+04  0.199323E+00
  0.487768E+04  0.198082E+00
  0.488102E+04  0.201251E+00
  0.488437E+04  0.202272E+00
  0.488771E+04  0.197341E+00
  0.489105E+04  0.197727E+00
  0.489439E+04  0.201798E+00
  0.489773E+04  0.196510E+00
  0.490107E+04  0.201427E+00
  0.490441E+04  0.208198E+00
  0.490775E+04  0.205427E+00
  0.491109E+04  0.200534E+00
  0.491443E+04  0.207489E+00
  0.491777E+04  0.211494E+00
  0.492112E+04  0.212106E+00
  0.492446E+04  0.207382E+00
  0.492780E+04  0.203860E+00
  0.493114E+04  0.207805E+00
  0.493448E+04  0.199847E+00
  0.493782E+04  0.208546E+00
  0.494116E+04  0.214996E+00
  0.494450E+04  0.208862E+00
  0.494784E+04  0.202198E+00
  0.495118E+04  0.208535E+00
  0.495452E+04  0.209139E+00
  0.495787E+04  0.205647E+00
  0.496121E+04  0.216360E+00
  0.496455E+04  0.209359E+00
  0.496789E+04  0.215264E+00
  0.497123E+04  0.212291E+00
  0.497457E+04  0.210060E+00
  0.497791E+04  0.217181E+00
  0.498125E+04  0.209667E+00
  0.498459E+04  0.215063E+00
  0.498793E+04  0.208979E+00
  0.499127E+04  0.223899E+00
  0.499461E+04  0.212646E+00
  0.499796E+04  0.221060E+00
  0.500130E+04  0.223475E+00
  0.500464E+04  0.213630E+00
